;fixed acidity;volatile acidity;citric acid;residual sugar;chlorides;free sulfur dioxide;total sulfur dioxide;density;pH;sulphates;alcohol;quality
0;7.4;;;;;11.0;;;3.51;0.56;;5.0
1;7.8;;;;;;67.0;;3.2;;;5.0
2;7.8;0.76;;2.3;0.092;15.0;;;;;9.8;
3;;0.28;0.56;;;17.0;60.0;0.998;;0.58;9.8;6.0
4;;0.7;;1.9;;;;0.9978;3.51;0.56;9.4;5.0
5;7.4;0.66;;;;;40.0;0.9978;;;;5.0
6;;0.6;;;0.069;15.0;59.0;;;;;
7;7.3;0.65;;;;;21.0;;;0.47;10.0;
8;7.8;;;;;9.0;18.0;0.9968;3.36;0.57;;7.0
9;;0.5;;;0.071;17.0;102.0;;;;10.5;5.0
10;6.7;0.58;0.08;;;;;;3.28;0.54;9.2;5.0
11;;;0.36;6.1;;;102.0;0.9978;;;;5.0
12;5.6;;0.0;;0.089;;;;;0.52;;
13;7.8;0.61;0.29;1.6;0.114;9.0;29.0;;3.26;1.56;;5.0
14;8.9;;;3.8;;52.0;;0.9986;3.16;0.88;;
15;8.9;;;3.9;;;;0.9986;;;9.2;5.0
16;8.5;0.28;0.56;1.8;;;;0.9969;3.3;;10.5;
17;8.1;0.56;;1.7;0.368;16.0;;;3.11;;9.3;5.0
18;7.4;0.59;0.08;;;;;;;0.5;;4.0
19;;;;1.8;0.341;17.0;;;;;9.2;6.0
20;;;0.48;;0.077;;;0.9968;3.39;0.53;9.4;6.0
21;;0.39;;2.3;;23.0;;0.9982;;0.65;9.7;
22;7.9;;;;;10.0;;;;;9.5;
23;8.5;0.49;;2.3;;9.0;67.0;;3.17;0.53;9.4;
24;6.9;;0.14;;0.085;;;;;0.63;9.7;
25;;;0.16;;0.08;11.0;23.0;0.9955;3.34;0.56;;
26;7.6;0.41;0.24;1.8;;;11.0;;3.28;;9.5;5.0
27;;;;;;;37.0;0.9966;3.17;;;
28;;;0.0;1.9;;14.0;35.0;;;;;
29;;;0.0;;;;16.0;0.9964;;0.59;9.8;6.0
30;6.7;;0.07;2.4;0.089;;82.0;0.9958;3.35;;;5.0
31;6.9;;0.0;2.5;0.105;22.0;37.0;;3.46;;;6.0
32;;0.655;0.12;2.3;;;113.0;;3.17;0.66;9.8;
33;6.9;;;;;40.0;;0.9993;3.45;0.52;;
34;;;0.25;1.8;0.103;;50.0;0.9957;;0.55;;5.0
35;;0.645;0.0;5.5;;;18.0;;3.4;0.55;9.6;6.0
36;7.8;0.6;;;0.086;;15.0;0.9975;3.42;;10.8;
37;8.1;;0.28;2.1;;13.0;;0.9968;3.23;;;
38;;;;1.5;0.172;7.0;19.0;0.994;;;;
39;7.3;0.45;;5.9;0.074;12.0;87.0;0.9978;3.33;;;
40;;0.45;0.36;5.9;;;87.0;;;;;5.0
41;8.8;;0.3;;;;46.0;0.9976;3.26;;;4.0
42;;0.49;0.2;;0.332;;14.0;;3.21;0.9;;
43;;0.66;0.22;;0.069;9.0;;0.9968;3.3;1.2;10.3;5.0
44;6.8;0.67;;;;;11.0;0.9962;3.48;0.52;9.5;
45;4.6;;0.15;2.1;;;;0.9934;3.9;;13.1;4.0
46;7.7;0.935;0.43;2.2;0.114;22.0;114.0;;3.25;;9.2;5.0
47;8.7;0.29;;1.6;0.113;12.0;37.0;;3.25;;9.5;5.0
48;;;;;;;12.0;0.9958;3.34;0.56;;5.0
49;;;0.37;1.4;;;96.0;;3.32;0.58;;
50;8.8;0.66;;1.7;;4.0;23.0;;;0.74;;5.0
51;6.6;;0.04;;;8.0;15.0;;;;9.4;6.0
52;;;0.04;;0.068;;14.0;0.9955;;;9.4;
53;;0.38;;;;;;0.997;3.2;0.56;;5.0
54;;;0.15;;0.11;;73.0;0.9955;;0.63;10.2;
55;;;0.04;;;;;;3.34;;;5.0
56;10.2;;;;;4.0;;;3.04;0.63;9.6;
57;;;0.12;5.1;0.111;50.0;110.0;;;0.77;9.4;5.0
58;;;0.18;2.3;;;54.0;;;;10.0;5.0
59;7.3;;;2.4;0.074;9.0;46.0;;;0.54;;
60;8.8;0.4;;;0.079;19.0;;0.998;3.44;0.64;9.2;
61;;;0.49;;;;112.0;0.9968;;;;5.0
62;;0.52;;;;12.0;;0.9968;3.38;0.62;;7.0
63;7.0;;;;;13.0;;;3.39;0.57;9.8;5.0
64;7.2;;;4.65;0.086;;;;3.41;0.39;10.9;5.0
65;;0.725;0.05;4.65;;4.0;;;;;;5.0
66;;0.52;;;0.079;;;0.9968;3.42;0.58;;
67;6.6;0.705;0.07;;;;15.0;;3.44;;;5.0
68;;0.32;;;0.074;;65.0;;;0.79;;
69;8.0;0.705;;1.9;;8.0;19.0;0.9962;;0.95;;6.0
70;7.7;;;;0.076;15.0;;;;;;
71;;;;;;;;;3.32;;9.5;5.0
72;7.7;0.69;0.22;;;;94.0;;3.31;;;5.0
73;;0.675;;;;11.0;43.0;;3.31;0.53;9.2;4.0
74;9.7;;;;0.094;28.0;83.0;0.9984;;;;
75;8.8;0.41;0.64;;0.093;9.0;42.0;0.9986;;0.66;10.5;5.0
76;;0.41;0.64;;0.093;9.0;;0.9986;3.54;0.66;10.5;5.0
77;6.8;;0.0;;0.104;;;0.9966;;0.55;10.7;6.0
78;6.7;0.75;;;;12.0;;;;0.52;10.1;
79;8.3;;;;0.08;;;0.9972;;;;4.0
80;6.2;0.45;;;;3.0;;;;;;5.0
81;7.8;;;;0.464;;67.0;0.9974;;1.28;;5.0
82;7.4;;0.47;;0.086;21.0;73.0;;;;9.1;5.0
83;;0.67;;1.8;0.401;16.0;51.0;0.9969;3.16;;;
84;;;0.48;;0.069;18.0;;;;0.78;;
85;6.9;0.55;0.15;;;;40.0;0.9961;;0.59;10.1;5.0
86;8.6;0.49;0.28;;0.11;20.0;136.0;0.9972;;1.95;9.9;
87;;;;;0.062;9.0;;0.9966;3.39;0.64;9.6;
88;9.3;;0.44;2.1;;;;0.9978;3.14;1.22;9.5;
89;;0.62;;;0.076;;24.0;;;;;
90;7.9;;;1.9;0.079;;140.0;;;;;5.0
91;8.6;0.49;0.28;;;20.0;;;;1.95;;6.0
92;;;0.29;;;;;0.9972;2.93;;9.8;
93;7.7;;0.26;;0.062;;31.0;;3.39;;;
94;;;0.04;;;41.0;;;;0.48;10.5;4.0
95;;0.6;0.17;2.3;;;106.0;0.9932;3.85;;;
96;6.8;;;3.0;0.102;;;0.9965;;0.56;;5.0
97;7.0;0.5;;;;;;;;0.63;;5.0
98;7.6;;;2.5;0.079;5.0;10.0;0.9967;;;;5.0
99;;0.545;0.18;1.9;0.08;;35.0;0.9972;;;9.0;6.0
100;;0.61;;2.1;;11.0;;;;0.61;;6.0
101;;;0.3;1.9;;;22.0;0.9959;;;10.4;
102;8.1;;;1.9;0.08;13.0;;0.9972;3.3;;;
103;;;;;0.077;12.0;;0.9967;3.29;;;
104;;0.49;0.24;;;5.0;36.0;;;0.48;9.4;5.0
105;8.1;;;;;;;0.9967;3.29;;9.2;
106;;;;1.7;0.467;18.0;;;3.08;;;5.0
107;6.2;;0.31;1.7;;;64.0;;3.46;;9.3;5.0
108;;;0.53;2.5;0.091;;80.0;;3.37;;;
109;;;0.52;2.0;0.122;37.0;;0.9969;;;;
110;;0.56;0.19;1.8;0.104;;47.0;0.9964;3.19;0.93;9.5;
111;8.4;;;2.2;;;;0.9964;3.15;;;
112;;;;2.2;0.085;;;;3.15;;9.8;
113;;0.31;0.44;;;;;;3.32;;;6.0
114;7.8;0.56;;;0.104;12.0;47.0;;3.19;;9.5;5.0
115;9.4;0.4;0.31;2.2;0.09;13.0;62.0;;;;;6.0
116;;;;1.9;0.077;;40.0;0.9978;;;10.0;
117;7.8;;;;;;28.0;0.997;3.37;;9.4;
118;;;0.04;;0.119;14.0;56.0;;3.21;0.6;;6.0
119;;;0.08;1.8;0.097;22.0;89.0;;;0.54;9.2;
120;;1.07;;;0.178;;89.0;0.9962;;;;
121;8.8;;;2.2;0.119;14.0;;0.9962;3.21;;10.9;6.0
122;;;;2.5;0.075;;;;;;9.2;
123;8.0;0.71;0.0;;;11.0;34.0;0.9976;;0.53;9.5;
124;7.8;;0.17;1.6;;21.0;;0.996;;;9.5;5.0
125;9.0;0.62;;;;;90.0;0.9984;;0.7;9.4;5.0
126;;;;;;;12.0;;3.53;0.49;;5.0
127;8.1;;;;0.082;;12.0;;;;10.9;
128;;;0.16;;;3.0;16.0;;3.42;0.92;10.5;
129;;;0.15;;;6.0;19.0;0.9955;3.42;0.57;;5.0
130;;0.745;;2.0;;30.0;134.0;;;;;5.0
131;5.6;0.5;;2.3;0.049;;99.0;0.9937;3.63;;13.0;5.0
132;;0.5;;;;17.0;99.0;;;0.63;;5.0
133;6.6;0.5;0.01;1.5;;;;;;;;6.0
134;7.9;1.04;0.05;2.2;;;;0.9959;3.22;0.55;9.9;
135;8.4;;0.11;;0.09;;63.0;;3.19;;9.6;
136;;0.715;;1.8;0.089;;52.0;;3.23;0.77;;5.0
137;7.2;;0.36;;0.081;;;;;;9.2;5.0
138;;0.56;;;;15.0;;;;0.54;;5.0
139;7.8;0.56;;;;17.0;;0.9962;;0.54;9.5;5.0
140;8.4;;0.11;;;;63.0;;;;;5.0
141;8.3;0.715;0.15;;;10.0;;0.9968;3.23;0.77;9.5;
142;;0.34;0.0;1.8;;27.0;;0.9916;3.68;;;
143;6.3;;0.08;1.7;;;;0.9954;3.34;;;
144;;0.34;0.0;1.8;;;63.0;;3.68;0.79;14.0;
145;8.1;0.67;0.55;1.8;;;;;3.17;0.62;9.4;
146;;;0.02;;;21.0;;;;;;5.0
147;;;;;0.236;10.0;;;3.11;;9.3;
148;;0.49;;;0.074;12.0;;;;0.58;;6.0
149;;0.4;;2.8;;;;0.9975;;0.61;10.5;
150;7.3;;;;;5.0;;;3.33;;10.3;
151;;0.52;;3.4;0.61;32.0;;0.9996;2.74;;;
152;;;0.03;;0.095;;99.0;0.995;;;;
153;;;0.03;1.8;0.095;;;;;;10.1;5.0
154;7.1;;0.42;;;;129.0;0.9973;3.42;;10.5;
155;;0.43;;5.5;;;128.0;;3.42;;10.5;5.0
156;7.1;;;;;;;;;0.72;10.5;
157;;0.43;;;;;;0.9973;3.42;0.71;10.5;
158;;0.68;0.0;;;;;0.9969;;0.5;9.3;
159;6.8;;;1.9;;18.0;86.0;0.9968;;0.57;9.3;6.0
160;;0.95;;;;;20.0;;3.2;0.56;9.6;
161;7.6;;0.02;;0.072;;;0.9965;;1.08;9.2;
162;;;0.04;;;;31.0;0.9964;3.33;0.56;;6.0
163;;0.6;0.26;;0.07;36.0;;0.9982;3.37;;;
164;7.3;0.59;;;0.07;;;0.9981;3.37;0.49;;
165;;0.63;0.48;1.7;0.1;;96.0;0.9961;;;;5.0
166;;;;2.1;;;101.0;0.9956;3.34;;10.2;
167;;0.55;0.03;;;;;0.9956;;0.48;9.0;
168;;0.63;;2.1;0.089;11.0;;;;0.55;10.4;6.0
169;;0.705;;1.8;;15.0;63.0;;3.0;1.59;9.5;
170;7.9;0.885;0.03;1.8;;4.0;8.0;;;0.33;;4.0
171;;;;;0.073;;18.0;0.9972;;0.61;9.2;
172;8.0;;0.17;2.0;0.073;6.0;;0.9972;;0.61;9.2;
173;7.4;;0.05;1.9;;24.0;;0.9961;;0.57;;6.0
174;7.3;0.38;;2.0;0.08;;;0.9961;;0.47;9.5;
175;6.9;0.5;;1.5;0.085;;49.0;;;;;
176;;0.38;;;0.08;7.0;35.0;0.9961;3.33;0.47;;
177;7.5;;;2.3;0.087;;;;3.58;;;6.0
178;;;0.0;;;7.0;20.0;;3.48;0.56;;5.0
179;;0.61;;2.4;;;42.0;0.9969;;;;5.0
180;;;;;;;;0.9969;;0.59;;5.0
181;;;0.49;;0.27;23.0;110.0;;3.12;;9.3;5.0
182;;0.73;0.02;2.5;0.076;;;;3.44;0.52;9.3;
183;;;0.2;1.8;;;;0.9971;3.54;;;
184;;0.62;;1.9;;;62.0;0.997;3.52;0.58;9.3;6.0
185;;;;2.0;0.111;;;0.9971;;0.53;;
186;;0.39;0.48;;;14.0;67.0;;;0.55;;5.0
187;;0.705;0.1;2.6;;;26.0;;;0.49;9.7;
188;;;0.33;2.0;;15.0;143.0;0.9968;3.2;;;
189;7.9;0.49;;;;;;0.9968;;0.55;;5.0
190;;;;2.9;;;127.0;0.9976;;0.62;9.4;
191;;;0.25;;0.074;;49.0;0.9974;3.57;0.62;;
192;;;;3.8;0.099;;126.0;;;0.61;;
193;;;;2.2;0.071;;28.0;;3.28;0.55;9.7;5.0
194;7.6;0.55;;;0.071;7.0;28.0;0.9964;;;;5.0
195;7.8;;;;;24.0;120.0;0.9968;3.25;0.54;;
196;;;0.3;;0.074;;55.0;0.9968;;;;5.0
197;11.5;;;;;;;0.9981;;0.97;10.1;
198;5.4;0.835;;;0.046;;;0.9924;;0.85;;
199;;;0.06;;0.061;;31.0;;3.51;0.43;11.4;4.0
200;;0.32;0.47;;0.056;9.0;24.0;;3.22;;;
201;8.8;0.37;;;;;145.0;;3.04;;9.3;5.0
202;6.8;;0.11;1.5;;16.0;;;3.36;;;
203;7.0;;0.35;1.6;;;39.0;;;0.55;9.2;5.0
204;7.0;0.43;0.36;;0.089;;37.0;0.99615;3.34;;9.2;
205;12.8;0.3;;2.6;;9.0;;0.9994;;0.77;;7.0
206;;0.3;;;;;28.0;0.9994;;0.77;10.8;7.0
207;7.8;;;1.8;0.069;;120.0;0.99625;;0.53;9.3;5.0
208;7.8;;;;;;;0.9966;;0.67;;5.0
209;11.0;0.3;0.58;;0.054;7.0;19.0;;3.31;0.88;;7.0
210;;0.53;0.6;2.0;;;;0.99585;3.3;0.86;;
211;;0.725;0.24;2.8;0.083;10.0;62.0;;;;10.0;
212;11.6;;;2.1;;;;0.998;;;10.2;
213;8.2;;;;0.06;;65.0;;;0.43;10.1;
214;;;0.08;;;;41.0;0.9974;;;9.8;6.0
215;;0.49;;;;;121.0;0.9974;3.34;0.76;;5.0
216;;;;;;13.0;49.0;0.9962;3.14;0.57;;
217;;;0.22;2.2;0.072;;;0.9967;;;9.1;5.0
218;7.5;;0.19;;0.076;;44.0;0.9957;3.39;0.54;;
219;;;0.33;2.4;0.08;24.0;144.0;0.99655;;;9.5;
220;7.8;;;;;24.0;;0.9964;;0.59;;6.0
221;;;;2.0;;;72.0;0.9957;3.15;;;
222;6.8;0.61;;1.5;0.057;;;0.99525;;0.6;9.5;5.0
223;;;;;0.083;;28.0;0.99815;3.28;;;6.0
224;8.4;0.635;;2.0;0.089;15.0;55.0;;3.31;;;
225;;0.43;;;0.073;29.0;63.0;0.99615;;;;
226;;0.59;;2.0;0.337;;;0.9964;3.04;1.61;;
227;;;0.14;;;9.0;;0.9984;3.39;;9.8;
228;;;0.25;;0.073;29.0;;;;;10.5;
229;;0.52;;2.6;;10.0;37.0;0.99685;3.46;;11.0;
230;5.2;0.48;0.04;;0.054;;106.0;;3.54;;12.2;7.0
231;8.0;0.38;;1.8;;12.0;;;3.37;;;
232;;;;;;;58.0;0.998;;0.7;;6.0
233;;;0.25;2.6;;10.0;37.0;0.99685;3.46;0.5;;5.0
234;8.2;1.0;;2.3;;;;0.99685;3.32;0.55;;
235;;;0.0;1.9;;;38.0;0.99675;3.37;;9.0;
236;7.2;0.63;0.0;1.9;;;;;;0.58;9.0;
237;7.2;;0.0;1.9;0.097;;;0.99675;3.37;;9.2;6.0
238;7.2;;0.0;;0.097;;38.0;0.99675;3.37;;;6.0
239;;;0.09;2.3;0.065;7.0;37.0;;;0.55;;6.0
240;8.9;;0.37;;;5.0;62.0;0.9971;;;;
241;12.0;0.38;0.56;;;;24.0;0.99925;3.14;;10.9;
242;7.7;0.58;0.1;1.8;0.102;;109.0;0.99565;;0.49;9.8;6.0
243;;0.21;;;0.075;;24.0;1.00005;;0.84;9.2;
244;;;;2.2;;;;;3.07;0.84;;7.0
245;7.3;0.66;0.0;2.0;;;23.0;0.9983;3.61;;;
246;;0.68;;1.9;;;;;3.38;0.52;9.5;5.0
247;8.2;;0.17;;;11.0;73.0;;;;9.3;
248;;;0.06;;0.074;9.0;39.0;;3.35;0.48;9.8;
249;7.3;;0.0;2.0;;;23.0;0.9983;;0.96;;6.0
250;;;;;;;37.0;0.9985;3.22;;10.0;6.0
251;7.1;;;1.8;0.074;16.0;34.0;;3.47;0.7;9.9;
252;11.1;0.35;0.48;;;5.0;21.0;0.9986;3.17;;;
253;;;0.42;1.9;0.092;8.0;86.0;;3.23;;9.5;5.0
254;7.1;0.6;;;;16.0;;0.9972;;;9.9;
255;8.0;;0.23;3.2;;;;0.99675;3.26;0.57;;5.0
256;9.4;0.34;;;;;13.0;0.998;3.22;0.62;;5.0
257;;0.695;;2.1;0.075;12.0;56.0;0.9968;;0.67;;5.0
258;;;0.76;1.8;;;;;3.06;1.26;9.4;
259;10.0;;;2.6;0.085;14.0;33.0;;3.36;0.8;;
260;7.9;;0.23;;0.077;;;;;0.65;;
261;;0.975;0.04;2.0;;;;;3.35;0.6;9.4;
262;;0.52;;;0.07;10.0;;;;0.57;;
263;7.9;;0.23;;0.077;;49.0;;;0.67;;
264;12.5;0.56;;2.4;0.064;;27.0;0.9999;3.08;0.87;10.9;
265;11.8;0.26;0.52;1.8;;6.0;;0.9968;;;10.2;7.0
266;8.1;;0.0;3.3;0.096;26.0;;;3.6;;9.8;
267;7.9;0.35;0.46;;0.078;;37.0;;;;;8.0
268;;0.54;;;0.077;;27.0;;;0.91;;6.0
269;;0.18;0.51;4.0;;;;;3.28;0.97;;6.0
270;7.9;;;4.0;0.087;;;0.9965;;0.67;10.7;
271;11.5;0.18;;;0.104;;23.0;;;0.97;;6.0
272;;;;;;;65.0;0.99935;;0.78;10.1;
273;;0.715;0.2;;0.076;10.0;38.0;;3.31;0.64;9.4;5.0
274;7.5;0.65;;;0.088;;;;3.38;0.77;;
275;7.9;0.545;;;;;61.0;;;0.67;;
276;;0.54;0.04;3.0;;;;0.9987;;0.91;;6.0
277;;0.18;0.51;4.0;0.104;;;0.9996;3.28;;;6.0
278;;;0.45;6.4;0.073;5.0;;;3.23;;;
279;8.9;;0.32;5.6;;10.0;;;3.38;;10.5;
280;;0.26;0.44;3.6;;6.0;19.0;0.9986;;0.82;9.3;6.0
281;7.7;;;;;5.0;10.0;;;1.08;9.9;7.0
282;7.6;;;3.0;;12.0;;;3.36;0.57;;
283;;;0.32;;;;;0.9991;3.38;;10.5;
284;9.9;0.59;0.07;;;;;1.00015;;;;5.0
285;;0.59;;;0.102;;71.0;1.00015;;;9.8;
286;;;;;;;;;3.1;0.76;;
287;;;;3.0;0.092;;53.0;0.9967;3.37;0.7;;
288;8.7;;;;0.091;;49.0;0.9976;3.34;0.86;10.6;
289;11.6;0.42;0.53;;0.105;;98.0;;3.2;0.95;9.2;5.0
290;;0.52;;2.5;;20.0;;0.9976;3.34;;10.6;
291;;;0.48;2.0;0.343;6.0;;0.9979;;;;5.0
292;10.4;;0.23;;0.091;18.0;;0.9994;;0.64;10.3;
293;;0.36;;;0.098;;16.0;;3.41;;;6.0
294;;;;;;;53.0;;;;9.5;6.0
295;10.8;;;2.5;;5.0;27.0;;;0.64;;5.0
296;10.6;0.83;;;0.086;26.0;70.0;0.9981;3.16;0.52;9.9;
297;7.1;0.63;0.06;2.0;;8.0;29.0;0.99855;3.67;;9.6;5.0
298;;0.65;;2.3;;5.0;31.0;0.9993;;;9.7;5.0
299;;0.67;0.06;;0.08;8.0;33.0;0.99845;;0.71;9.6;5.0
300;;;;2.6;0.086;20.0;;0.9965;;;10.7;6.0
301;;0.18;;;0.068;;;0.9973;;;;
302;;;0.12;;;12.0;;;3.51;;;
303;7.4;0.67;;;;;;;;;9.5;5.0
304;;0.65;;;0.112;12.0;90.0;0.9973;3.2;0.52;9.2;5.0
305;;0.53;;2.5;0.063;;25.0;0.9998;;;9.3;
306;7.6;;0.32;;0.082;;54.0;;3.36;0.52;;5.0
307;10.3;;0.42;;0.213;6.0;14.0;0.9994;3.19;;;6.0
308;10.3;0.43;0.44;;;5.0;;;3.19;0.63;;
309;;0.29;;;;9.0;30.0;;3.41;;9.5;6.0
310;10.3;0.53;0.48;2.5;0.063;6.0;25.0;;;;;
311;;0.53;0.24;;0.072;15.0;105.0;0.996;3.27;0.54;9.4;
312;;;0.31;;;;98.0;0.99815;;;9.5;6.0
313;;0.47;0.3;;0.076;30.0;;0.9976;3.3;0.53;9.4;5.0
314;7.4;;0.29;2.6;;;72.0;0.99645;;;11.0;
315;;;;;0.096;20.0;;;;0.65;11.0;
316;;;0.23;3.4;0.102;;;;3.3;;10.1;5.0
317;9.6;0.77;;2.9;0.082;;74.0;;;0.64;;6.0
318;;;0.39;3.2;0.083;;;0.9989;3.37;0.71;11.5;7.0
319;;0.77;;;;30.0;74.0;;;0.64;10.4;6.0
320;;0.66;0.39;3.2;;;59.0;;3.37;0.71;11.5;7.0
321;9.3;0.61;;;0.09;;87.0;;3.24;0.62;9.7;5.0
322;7.8;0.62;0.05;;;;;;3.29;;9.3;5.0
323;;0.59;;2.8;;;;;;0.7;9.5;6.0
324;10.0;0.49;0.2;11.0;;13.0;50.0;;;;9.2;
325;;0.49;0.2;11.0;;;50.0;1.0015;3.16;;;
326;11.6;;;;;6.0;14.0;0.9978;3.05;0.74;;7.0
327;10.3;0.44;0.5;4.5;;;;;;0.83;;5.0
328;13.4;;;;0.082;;21.0;1.0002;3.16;;9.7;6.0
329;;;0.39;2.0;;7.0;;0.9981;3.18;0.62;;5.0
330;10.2;0.36;0.64;;;10.0;;0.998;3.23;;12.5;6.0
331;;0.36;0.64;;0.122;10.0;41.0;0.998;3.23;;;6.0
332;8.0;;;;0.066;21.0;;;3.22;;;
333;;0.56;;2.1;0.105;16.0;44.0;;3.13;0.52;;
334;;;0.01;2.5;;;;;3.34;0.74;;7.0
335;11.9;0.695;;;;;21.0;0.9992;3.17;;12.2;
336;;0.43;;1.9;0.052;6.0;;;3.35;0.7;;6.0
337;;0.43;0.32;2.8;0.08;29.0;58.0;0.9974;;0.64;;
338;12.4;;;3.0;;28.0;99.0;;3.16;1.0;11.5;6.0
339;;;;;0.082;;;0.9997;;;;
340;12.2;;0.5;2.4;;10.0;;1.0;;1.18;9.2;
341;;0.42;;2.7;0.065;;;0.9972;3.21;0.87;;6.0
342;;0.39;0.47;1.8;;;14.0;0.9982;;;;
343;;;0.47;;;;14.0;;;;;6.0
344;11.9;;;;;6.0;32.0;;3.12;;10.7;6.0
345;7.0;;0.0;1.9;;40.0;63.0;;;;9.9;
346;6.6;;;2.7;0.072;;34.0;0.9955;3.58;;12.3;7.0
347;13.8;0.49;;;0.093;6.0;;0.9986;;0.93;;6.0
348;9.6;0.56;;;;15.0;46.0;;;0.92;;6.0
349;9.1;;0.0;;;;;0.9994;3.36;;9.4;
350;10.7;;0.22;2.7;0.107;17.0;34.0;;3.28;0.98;9.9;6.0
351;;0.795;;;;11.0;;;3.35;0.83;9.4;
352;;0.665;;;;8.0;;0.9974;3.27;0.73;9.3;5.0
353;;0.53;0.79;;;;77.0;;;;13.0;5.0
354;;;0.4;;0.066;;;0.9912;3.25;;11.9;
355;;;0.01;2.4;0.078;17.0;32.0;0.9955;;0.61;12.8;
356;11.5;;0.52;;0.08;;55.0;;;;;5.0
357;10.5;0.42;;;;12.0;29.0;0.997;;;;7.0
358;;0.43;;;;10.0;;1.0;3.15;0.85;;7.0
359;;0.38;;2.6;;10.0;;1.001;3.17;;;
360;8.2;;;;0.099;;81.0;0.9973;;;;
361;8.6;0.45;0.31;2.6;0.086;;;;3.37;;;
362;11.9;0.58;;2.5;;;37.0;0.9992;3.05;;10.0;5.0
363;;;;;0.071;6.0;;;2.99;;;5.0
364;12.8;;0.66;5.8;0.083;7.0;42.0;;3.07;;;7.0
365;10.0;0.42;0.5;;;7.0;;;;0.93;11.8;6.0
366;;;;5.8;;;42.0;;;0.73;;7.0
367;;0.575;;;;11.0;24.0;1.0;;;9.0;
368;10.3;0.34;;;;15.0;75.0;0.9998;;;9.4;5.0
369;;;0.53;;;6.0;;;;1.13;;
370;;;;;0.063;;63.0;;3.57;0.78;9.9;5.0
371;;;;1.6;0.056;;25.0;0.9967;3.32;;8.7;6.0
372;9.1;;0.48;1.8;0.067;;46.0;;3.32;;;
373;;0.55;0.22;;0.106;12.0;72.0;;3.05;0.63;9.2;5.0
374;;;;;0.089;6.0;47.0;;3.01;0.81;;6.0
375;;;0.71;;;;;0.9984;3.01;0.83;11.8;7.0
376;;0.45;0.5;;;19.0;;1.0003;3.26;1.11;;
377;9.4;;;2.4;;6.0;18.0;;;;;7.0
378;;0.625;;;;;;;3.11;;13.3;6.0
379;8.3;0.42;0.38;2.5;;;60.0;0.9979;3.31;;10.8;6.0
380;;;;2.0;;11.0;27.0;;3.21;;;
381;;0.415;;;0.085;17.0;43.0;;;;10.0;6.0
382;;0.26;;2.0;0.08;11.0;;;;;9.4;
383;8.3;;;;0.08;11.0;;;;0.8;9.4;6.0
384;7.7;0.51;0.28;;;;;0.998;3.42;;;5.0
385;7.4;0.63;;2.4;;;;0.9979;3.43;0.76;9.7;6.0
386;;0.54;;2.0;;;48.0;0.9981;;0.74;9.2;
387;;0.66;;;0.079;;;0.9972;;;;6.0
388;7.8;;;;;;;;3.43;;;6.0
389;9.6;;0.31;;0.096;;49.0;0.9982;3.19;;;7.0
390;5.6;;;1.4;;;;0.9924;3.56;;12.9;8.0
391;;;0.68;2.9;0.085;;43.0;;3.06;;;6.0
392;9.5;;0.52;2.0;;;26.0;0.998;;0.51;;5.0
393;8.4;0.665;0.61;;;;95.0;;3.16;0.54;;5.0
394;;;;2.3;0.063;6.0;25.0;0.9997;3.03;0.57;9.9;5.0
395;12.0;;;;0.066;7.0;;;3.22;0.6;13.0;
396;6.6;;0.02;;0.122;;124.0;0.9994;;0.53;9.9;5.0
397;;;;;0.087;13.0;49.0;;;0.65;;
398;;;;2.6;0.087;13.0;49.0;;3.18;0.65;11.0;6.0
399;;0.765;;2.3;0.064;9.0;;;3.1;;;
400;6.6;;0.02;;;;124.0;0.9994;3.47;0.53;9.9;5.0
401;7.7;;;1.7;0.059;;;0.9949;;0.47;10.8;6.0
402;12.2;0.48;;;0.085;;64.0;;;0.61;;
403;;;;2.7;;;41.0;0.9994;3.15;;;6.0
404;;;0.05;;;15.0;27.0;0.9974;;0.61;9.1;
405;;;0.46;;;;;0.9966;;;10.1;
406;;;0.47;2.5;0.063;;;;3.24;0.65;;
407;12.0;0.39;0.66;;0.093;12.0;;;3.18;0.63;;
408;;;;3.7;;;16.0;;3.19;0.7;;6.0
409;;0.46;;4.5;0.07;;49.0;0.9981;;0.57;;4.0
410;;0.43;;2.5;;;86.0;;;0.62;;
411;9.1;;;2.4;0.08;23.0;78.0;0.9987;3.38;0.62;;5.0
412;;0.735;;;;;;0.9966;;;9.3;5.0
413;;0.4;;6.7;0.097;;;;3.27;;;
414;8.8;0.52;0.34;;0.087;24.0;;;3.26;;;5.0
415;;;;6.6;;31.0;134.0;1.0014;3.32;1.07;;
416;10.6;0.48;;;;6.0;;;3.26;;11.7;6.0
417;7.0;0.58;;1.9;;;124.0;0.9956;3.44;;;5.0
418;11.9;0.38;;2.0;;;20.0;;3.24;0.76;10.4;6.0
419;;0.77;0.0;1.8;;34.0;52.0;;;;;
420;;;0.33;;0.089;;;;;;;
421;;0.84;0.03;;;32.0;48.0;0.9952;3.52;;12.3;7.0
422;;;0.2;;0.047;15.0;;0.9955;;;;5.0
423;;;;;;;24.0;0.9978;;;11.0;
424;7.7;0.96;0.2;2.0;;;;0.9955;3.36;0.44;10.9;5.0
425;;0.84;;2.3;0.059;;;;;;12.3;
426;;0.67;0.08;;;;;0.9949;3.49;;;
427;9.5;0.78;;1.9;;6.0;32.0;;;;;
428;9.1;0.52;0.33;1.3;;9.0;;0.9978;;0.6;;
429;;;;;0.088;;35.0;;;0.6;;6.0
430;10.5;0.24;;2.1;;6.0;;;3.15;0.9;;7.0
431;;0.55;;2.2;;;;;3.25;0.56;;5.0
432;11.9;0.37;;;0.078;;;;3.0;;;
433;12.3;0.39;;2.3;0.091;6.0;18.0;;;;9.5;5.0
434;10.4;0.41;0.55;;0.076;22.0;54.0;;3.15;0.89;;
435;12.3;0.39;;2.3;;6.0;;;;;;5.0
436;8.0;;0.3;;;;62.0;0.9958;3.26;0.56;;6.0
437;11.1;;;;0.066;6.0;22.0;0.9986;;;11.2;6.0
438;10.4;0.41;0.55;;0.076;;54.0;;;;;6.0
439;;0.62;0.18;;;7.0;50.0;;;;9.3;5.0
440;;;0.72;2.2;0.072;;;0.9987;2.88;;;8.0
441;11.9;0.4;0.65;;0.068;;;0.9988;3.06;;;
442;;;;3.7;;;43.0;1.0032;;0.68;11.2;
443;10.0;0.44;;;0.077;11.0;19.0;;;0.63;11.6;
444;5.3;0.57;;;;;;0.9934;;;;7.0
445;9.5;0.735;0.1;2.1;0.079;;;0.9986;;;;
446;;0.38;0.6;2.6;0.081;;;;;;10.5;5.0
447;;;0.29;2.1;;6.0;16.0;;;;11.2;5.0
448;;;;2.0;;7.0;;0.9967;;;10.2;
449;11.9;;;2.8;;;;0.9994;;0.61;10.8;6.0
450;;;;2.8;0.095;;35.0;0.9994;3.1;0.61;;
451;8.4;;0.53;1.8;0.413;9.0;;;;1.06;9.1;6.0
452;6.8;0.56;;;;;;0.9968;3.44;0.63;10.0;6.0
453;;0.33;0.63;2.8;0.084;5.0;;;;;;
454;7.0;0.23;;;0.063;;;;;;11.1;5.0
455;11.3;;0.67;;0.086;;;0.9988;3.22;;13.4;
456;8.9;0.59;0.39;2.3;;5.0;;;;0.58;10.3;
457;;0.63;0.21;2.7;0.097;29.0;;;;;;5.0
458;;;;2.8;0.084;5.0;;;3.26;;;
459;11.6;0.58;0.66;;0.074;10.0;;;;;;
460;;;0.52;;;14.0;23.0;;;0.61;11.3;6.0
461;8.3;;;2.6;;;19.0;0.9982;3.26;;9.3;
462;;;0.68;;;;25.0;0.997;;;11.8;5.0
463;8.1;0.66;0.7;2.2;0.098;;;0.9972;;0.53;9.0;
464;;0.315;;2.1;;5.0;15.0;0.9987;2.98;;;6.0
465;;;;2.9;;;;1.0006;;;9.7;
466;;0.5;0.42;2.0;0.069;;;;3.16;0.72;11.5;
467;;;0.45;;;;18.0;;3.32;;14.0;6.0
468;11.4;0.36;;2.1;0.09;;;1.0;3.17;;9.2;
469;;;;1.2;0.07;;48.0;;;0.58;9.8;
470;;0.32;0.65;;;;;;;0.61;;5.0
471;9.6;0.54;0.42;;0.081;;52.0;;3.2;0.71;11.4;6.0
472;;;0.55;2.6;0.083;;68.0;0.9995;;0.82;;6.0
473;;0.35;;2.1;0.062;5.0;14.0;0.9971;3.26;0.79;10.6;5.0
474;10.5;;;;0.08;;24.0;0.9982;3.2;0.89;9.4;
475;;;;2.2;;5.0;;0.9988;;0.6;10.2;5.0
476;9.3;;0.41;2.0;;6.0;16.0;;;;9.7;
477;10.4;0.24;;;;;;;3.18;1.06;;6.0
478;9.6;;0.24;2.2;0.087;5.0;28.0;;3.14;;10.2;
479;;;0.11;2.7;;;;;;;10.1;
480;10.6;;;15.5;0.069;;23.0;;;;;
481;;0.3;;2.8;0.08;6.0;;0.9964;3.15;0.92;11.7;8.0
482;;0.36;0.59;2.2;0.152;;;0.9986;;1.05;;
483;;;0.6;2.2;;7.0;18.0;0.9986;;1.06;9.4;
484;;;;;0.114;;;0.997;;;13.4;
485;10.2;;0.39;;0.054;6.0;;0.9976;3.17;;10.0;
486;;;0.39;1.9;;6.0;;0.9976;;;10.0;
487;;;0.36;;;;14.0;0.9982;3.17;;10.0;
488;;0.32;;2.8;;35.0;;1.0002;;;;7.0
489;9.3;;0.4;;0.073;;;0.9984;;0.75;10.2;
490;9.3;;;;;24.0;56.0;0.9984;;0.67;;6.0
491;9.2;0.41;0.5;;;12.0;25.0;0.9952;;;;
492;8.9;0.4;0.51;;0.052;13.0;;0.995;;0.9;;
493;;0.69;;;;;;1.0002;3.48;;;6.0
494;;0.39;0.23;;0.051;28.0;;;3.44;;;6.0
495;10.7;0.35;0.53;2.6;;5.0;16.0;;3.15;0.65;;
496;7.8;0.52;0.25;;;14.0;;;;0.65;;6.0
497;;0.34;0.32;;;;;;3.32;;;5.0
498;;;0.53;;0.07;;;;3.15;0.65;;
499;;0.69;;;;;;1.0002;3.48;0.74;11.6;6.0
500;7.8;;;1.9;0.081;;;;3.43;;;
501;10.4;;;;0.074;;76.0;0.999;;;12.0;
502;10.4;;0.73;6.55;;38.0;76.0;;;0.85;12.0;7.0
503;;;0.47;1.9;0.078;6.0;;0.9976;3.18;1.04;10.9;
504;10.5;;;1.8;;;22.0;;;;10.8;
505;10.2;;0.63;;;10.0;26.0;0.9968;;;;
506;10.4;;0.46;1.8;0.075;;21.0;0.9976;3.25;1.02;;
507;11.2;0.67;0.55;;;;13.0;1.0;;;;
508;10.0;0.59;0.31;;;26.0;;0.9994;;0.63;;
509;13.3;;;2.8;0.084;23.0;;;;0.68;;7.0
510;;;;;0.073;19.0;43.0;0.9978;;;;
511;10.0;0.59;0.31;;0.09;;62.0;;;;10.2;
512;10.7;0.4;;2.1;;;49.0;0.998;3.03;0.81;;
513;10.5;0.51;;;0.107;6.0;;;3.09;0.66;;7.0
514;;0.51;0.64;;0.107;;;;;;11.8;7.0
515;8.5;;0.49;;;;151.0;1.001;;1.14;9.3;
516;;;0.49;4.3;;5.0;;1.001;;;11.9;
517;;;0.49;2.1;;5.0;16.0;0.9994;;0.63;;3.0
518;;;0.49;2.8;0.088;;32.0;0.9972;3.22;;;6.0
519;;;;2.5;;39.0;;0.9966;3.36;0.78;11.0;5.0
520;9.8;;;2.7;0.088;;33.0;;;0.9;;6.0
521;;;;;0.088;16.0;;0.998;3.48;0.64;;5.0
522;;;0.49;2.3;;;133.0;;;0.99;;
523;9.3;0.4;;;0.085;;142.0;0.9978;3.22;0.55;;
524;9.2;;;;;23.0;;;;0.64;9.5;
525;;;;2.8;0.105;;53.0;0.9998;;0.67;9.9;
526;7.3;0.365;0.49;;0.088;;106.0;;3.36;;;5.0
527;7.0;0.38;0.49;2.5;0.097;;85.0;;;0.77;;6.0
528;;0.42;0.49;2.6;0.084;;;0.9988;3.34;;8.7;
529;;;;;;;33.0;0.9974;;0.57;;5.0
530;;;;2.1;0.078;;;0.999;3.41;0.87;10.3;6.0
531;;;0.49;;;;42.0;1.0004;3.16;0.61;10.3;5.0
532;11.9;0.38;0.49;;;;;1.0004;;0.61;;
533;10.3;0.27;;;0.072;;;;3.22;0.66;;
534;10.0;;;;;;32.0;1.0;3.28;0.56;;
535;;;0.24;2.1;;1.0;28.0;;;0.87;10.3;6.0
536;9.9;;;2.4;0.077;6.0;33.0;;3.09;0.57;9.4;5.0
537;8.1;0.825;0.24;2.1;0.084;5.0;13.0;;;0.77;10.7;
538;12.9;0.35;0.49;;;5.0;35.0;1.0014;;0.66;12.0;7.0
539;11.2;;;;;5.0;;0.9996;3.22;;11.2;5.0
540;9.2;0.59;;;;20.0;47.0;0.9988;;0.67;9.6;
541;;;;6.3;0.064;5.0;17.0;;3.21;0.73;;6.0
542;9.3;0.715;0.24;;;5.0;;;;0.59;;5.0
543;11.2;0.66;0.24;;0.085;16.0;;0.9993;3.06;;;
544;;0.31;0.74;;;;;1.0008;;0.79;;
545;9.1;0.47;;;;;106.0;;3.08;;9.1;5.0
546;;0.55;0.24;2.0;0.078;;28.0;0.9983;3.45;;9.5;
547;;0.31;0.49;;0.067;;21.0;0.9987;;0.86;10.7;
548;12.4;;0.49;;0.079;27.0;;0.9994;3.12;;10.4;6.0
549;;;;;0.171;;;0.9975;3.27;0.61;9.4;6.0
550;;;;2.1;0.074;;25.0;0.9958;3.33;0.56;;6.0
551;;0.43;;;;;45.0;;3.19;;10.0;6.0
552;9.5;;;2.7;;14.0;44.0;0.998;;;10.0;
553;;;0.24;;;;96.0;;3.74;0.62;11.5;5.0
554;;;0.49;4.2;0.095;;23.0;;2.92;;;
555;15.5;0.645;0.49;;0.095;10.0;23.0;;;0.74;;5.0
556;10.9;0.53;;;;;17.0;1.0002;3.07;0.56;;6.0
557;;0.645;;;0.095;10.0;;1.00315;2.92;;;
558;;;;4.6;0.118;10.0;;;3.07;;;6.0
559;13.0;;;4.3;0.085;;;;;0.68;12.7;
560;;;0.49;;;5.0;;0.9994;;;;
561;;;0.49;;;26.0;121.0;0.9978;3.23;;9.2;5.0
562;9.0;0.54;;2.9;0.094;41.0;;0.9982;;0.61;9.2;
563;;;;;0.092;25.0;;;3.31;;10.1;
564;13.0;;0.49;;;6.0;;1.0021;3.3;;;
565;12.7;0.6;0.49;2.8;;5.0;19.0;;;0.57;11.4;5.0
566;8.7;;0.24;2.5;0.226;5.0;;0.9991;;0.6;9.0;6.0
567;;;;;0.226;5.0;;;;0.6;;6.0
568;;0.5;;2.6;;5.0;;0.999;;0.79;;6.0
569;6.2;0.36;;2.2;;;42.0;;3.57;0.57;;6.0
570;;0.35;0.49;;;10.0;37.0;;;0.91;11.0;6.0
571;;;;2.2;;;;;;;;6.0
572;10.2;;0.49;2.4;0.075;10.0;;;;;10.4;
573;;0.59;;;0.07;14.0;;;3.3;0.56;9.6;
574;;0.34;;;;;;0.9992;;0.7;10.0;6.0
575;;;;3.1;;;;0.9993;;;10.2;
576;;0.5;;;;6.0;;0.9978;;0.52;;
577;;0.44;0.49;2.8;;;;;3.3;0.6;;5.0
578;;0.47;0.49;;0.085;17.0;;0.9982;;0.6;9.8;
579;10.6;0.31;0.49;;;;;0.9976;3.14;;9.8;
580;;;;;0.089;;;;3.19;0.44;9.6;5.0
581;12.3;0.5;;;0.089;5.0;14.0;;;;9.6;5.0
582;;0.49;;;;5.0;15.0;;3.19;;;5.0
583;12.0;0.28;;1.9;;;;;2.98;;9.9;7.0
584;;;0.49;3.4;;54.0;80.0;;;;;7.0
585;7.6;;;2.4;0.091;8.0;38.0;0.998;3.47;;;6.0
586;;;;2.7;;16.0;;0.9986;3.12;1.02;10.6;
587;;;0.24;;0.108;18.0;102.0;0.9967;3.26;0.59;;
588;;;;;;;;0.9917;3.72;0.74;;8.0
589;;0.29;;2.6;;;13.0;0.9976;;0.74;10.5;7.0
590;;0.45;;2.6;0.084;21.0;75.0;;3.35;;;
591;;0.39;0.49;;;23.0;149.0;;3.12;;;
592;;0.45;0.49;2.6;;;75.0;0.9987;3.35;;9.7;5.0
593;;;;;;9.0;;;3.29;;;
594;;;;2.6;;20.0;38.0;;;;;5.0
595;;0.595;;7.9;0.086;;109.0;0.9998;;0.57;;
596;12.4;;0.51;;;;;;3.04;;9.3;
597;11.9;0.58;;;;;;;;;10.0;
598;8.5;0.585;0.18;;0.078;5.0;30.0;0.9967;3.2;0.48;9.8;6.0
599;12.7;;0.45;2.3;0.082;11.0;22.0;;;0.7;;
600;;;0.27;2.1;;7.0;23.0;0.9962;3.26;0.47;;
601;13.2;0.46;0.52;;;12.0;35.0;1.0006;;0.56;;6.0
602;;;0.0;;0.081;;14.0;0.9975;3.3;0.52;9.3;5.0
603;13.2;;;;0.071;;;;3.1;0.56;9.0;6.0
604;;;0.13;;0.096;14.0;63.0;;3.17;0.62;9.1;
605;8.3;;;;;;;0.9984;;0.59;9.2;6.0
606;;0.41;;;;;20.0;0.9973;;0.79;12.2;
607;;0.48;;;;26.0;52.0;;3.31;;10.5;6.0
608;;0.65;;;0.11;11.0;;;3.32;;10.4;6.0
609;;;;;;15.0;39.0;;;0.52;;
610;8.8;0.24;0.54;;;25.0;;;;;9.2;5.0
611;13.2;;0.55;2.7;0.081;;;;2.98;0.54;9.4;
612;7.5;0.64;0.0;;0.077;18.0;29.0;;3.32;;10.0;6.0
613;;;;;0.058;10.0;;;;0.74;;5.0
614;;0.755;0.18;;0.148;10.0;103.0;;2.87;;10.2;6.0
615;9.6;0.6;;;0.079;28.0;71.0;0.9997;3.5;0.57;;
616;9.6;0.6;;2.3;0.079;;;0.9997;;;;
617;11.5;0.31;0.51;;0.079;;;;;;;6.0
618;;0.46;0.5;2.7;;4.0;;;;0.7;10.2;5.0
619;11.3;;;2.3;;6.0;16.0;;;;9.3;5.0
620;8.3;;0.24;;0.076;16.0;;;3.27;0.61;;
621;8.2;0.56;0.23;;0.078;14.0;;;;;;
622;10.0;0.58;0.22;1.9;;;32.0;0.9974;3.13;;;5.0
623;7.9;0.51;0.25;2.9;;;;0.9974;3.49;;12.1;6.0
624;;;0.0;;0.124;21.0;;0.9997;3.46;0.72;;5.0
625;;0.69;;;;21.0;;;3.46;;10.2;
626;;;;2.2;0.098;5.0;;;;;;
627;;0.6;;2.2;0.098;;;0.9988;3.36;;9.1;5.0
628;;;;;;7.0;;0.9976;3.27;;9.3;
629;7.6;0.685;0.23;;0.111;20.0;;0.9964;;0.61;;5.0
630;;;0.26;2.5;;7.0;;;3.27;;9.3;6.0
631;;;0.54;;;5.0;;;;;;5.0
632;;;0.14;3.0;;21.0;43.0;0.9964;;0.57;10.5;6.0
633;;0.935;0.22;;0.105;11.0;86.0;1.001;;;;
634;7.9;0.35;0.21;;0.073;;;0.9964;;;9.5;5.0
635;;;0.0;1.4;0.065;;33.0;;3.27;;9.7;5.0
636;;;0.28;;;;;;;0.53;9.4;5.0
637;;0.885;0.27;2.3;0.084;31.0;145.0;0.9978;;;;5.0
638;;0.915;;2.2;0.143;7.0;;;;;10.2;7.0
639;8.9;0.29;;1.9;0.067;;;0.997;3.18;;;
640;;0.54;;;0.071;16.0;;;;;9.4;5.0
641;;0.59;0.44;;0.071;;;0.9992;3.46;0.63;;5.0
642;9.9;;;2.3;;;40.0;;;0.62;;
643;9.5;0.59;0.44;2.3;0.071;;68.0;;3.46;;9.5;
644;;;0.45;2.3;0.071;16.0;;0.9991;3.39;0.62;9.4;5.0
645;7.8;0.64;;;;5.0;11.0;;;0.69;10.1;
646;;0.67;0.05;3.6;0.107;6.0;20.0;0.9972;;0.63;10.1;
647;;;;2.2;0.07;5.0;14.0;0.9967;3.32;0.58;;4.0
648;8.7;;0.3;2.8;0.066;;;0.9964;3.33;0.67;11.2;7.0
649;6.7;0.42;;;;24.0;148.0;;;0.57;;6.0
650;10.7;0.43;0.39;2.2;0.106;8.0;;;2.89;0.5;9.6;5.0
651;;;0.25;;0.104;;155.0;;;;;
652;15.9;;0.65;7.5;0.096;22.0;71.0;;2.98;;;
653;9.4;;0.59;2.8;;9.0;30.0;;;0.54;12.0;
654;;0.47;;2.4;0.074;7.0;;0.9979;3.08;;9.5;5.0
655;;0.55;0.17;;;;53.0;1.0004;3.14;;9.4;
656;;0.43;;2.2;;8.0;;;2.89;0.5;9.6;5.0
657;12.0;0.5;;;;;;0.998;;0.68;10.5;7.0
658;;0.52;;;;5.0;;;;0.81;;
659;7.1;0.84;;4.4;0.096;5.0;13.0;;3.41;0.57;11.0;
660;;;;;0.074;5.0;20.0;0.9973;3.32;0.81;;6.0
661;7.5;0.42;0.31;1.6;0.08;15.0;;;;;;
662;7.2;0.57;0.06;1.6;;9.0;27.0;0.9972;3.36;0.7;9.6;
663;;;;1.8;;;13.0;;3.04;;10.2;
664;12.1;;;2.0;;15.0;;1.0;;;;5.0
665;;;;;;25.0;48.0;0.9981;;;;
666;;;0.36;1.8;0.222;;16.0;;;;;
667;;0.34;0.45;;0.082;6.0;15.0;;2.94;0.66;;
668;10.0;0.73;0.43;2.3;;15.0;31.0;;;0.57;11.0;5.0
669;11.3;0.34;;;;;15.0;;2.94;0.66;9.2;
670;6.9;0.4;0.24;2.5;0.083;30.0;;0.9959;;;;
671;;;;1.7;0.074;;;;3.2;0.52;;
672;9.8;1.24;0.34;2.0;0.079;;;0.998;;0.53;9.5;5.0
673;;0.73;0.21;;0.074;;13.0;0.9968;3.2;0.52;9.5;
674;;0.4;;;;;;0.9984;;0.67;;6.0
675;9.3;;;2.2;;;31.0;;;0.65;;
676;;0.4;;2.2;0.084;7.0;17.0;;3.08;0.67;9.3;6.0
677;;;0.11;2.3;;;31.0;;3.4;;;
678;;;;2.6;;45.0;87.0;;;;10.0;
679;;0.26;;;;;;;;0.54;;
680;13.3;0.43;;;0.07;15.0;40.0;;3.06;0.49;;
681;8.0;0.45;0.23;;;16.0;29.0;;;0.49;;6.0
682;;;0.31;;0.078;32.0;58.0;0.998;;;9.8;
683;8.1;;0.23;;;;;0.997;;;11.3;5.0
684;9.8;;0.32;;0.078;;;;;;;
685;8.1;;0.23;;;5.0;15.0;0.997;;0.56;;5.0
686;7.1;;;1.8;0.07;13.0;40.0;0.997;;;9.1;
687;;0.64;;;;13.0;38.0;0.9998;3.28;;9.7;5.0
688;;0.66;;;0.039;;9.0;0.9962;3.4;;9.4;5.0
689;8.1;;;1.8;;5.0;;;3.3;;9.4;
690;7.4;1.185;0.0;4.25;;;;;;0.54;;
691;;0.92;0.24;2.6;0.087;12.0;93.0;;;;9.8;
692;8.6;;0.51;2.0;0.422;;62.0;;3.03;;9.0;5.0
693;9.0;;0.32;2.8;0.084;21.0;122.0;0.9984;3.32;;;
694;9.0;0.47;0.31;2.7;0.084;24.0;125.0;0.9984;3.31;0.61;;
695;5.1;0.47;0.02;;0.034;;;0.9921;;0.62;12.8;6.0
696;;0.65;;;;;25.0;;3.47;0.67;9.5;
697;;0.65;0.02;;0.066;8.0;;0.9972;;;9.5;6.0
698;;0.615;;;;;72.0;1.0001;3.31;;9.7;
699;;0.38;;2.1;;5.0;;0.9986;3.11;0.62;;
700;;;0.43;;;26.0;88.0;;3.08;;;6.0
701;7.0;0.65;;;;;;0.9972;;0.67;;
702;7.0;;;2.1;;9.0;;0.997;;;9.4;6.0
703;;0.38;0.48;;0.073;;;0.9972;3.32;;9.6;
704;9.1;;;;;4.0;;;3.29;0.54;;
705;8.4;1.035;;6.0;;;;;3.37;;9.9;5.0
706;;;;;;;19.0;;;;10.0;5.0
707;;;0.19;;;16.0;;;3.37;0.51;;
708;7.8;0.545;0.12;2.5;;;;;;;;
709;9.7;;;1.6;0.062;;33.0;0.9983;;;10.0;6.0
710;;;;2.8;0.08;21.0;84.0;;;;10.1;
711;8.9;;0.34;3.0;;16.0;;0.9998;;0.61;;5.0
712;8.7;0.69;;3.2;;;33.0;;3.36;;9.4;
713;8.0;;;;;10.0;48.0;;3.34;;;5.0
714;;0.74;;2.6;0.078;;;0.998;3.28;0.51;;
715;;;0.18;;;;34.0;;;;9.2;
716;8.0;0.43;;;0.075;10.0;;0.9976;3.34;0.46;;5.0
717;7.6;;;;;;49.0;0.9968;3.21;;;5.0
718;8.4;;0.04;2.0;0.082;;;0.9976;3.22;0.44;;
719;;;0.0;3.9;0.086;;45.0;0.9976;3.46;;;5.0
720;;0.56;;2.0;;;;0.9976;;0.44;9.6;5.0
721;8.9;;0.24;;;35.0;106.0;0.9982;;;;
722;7.6;0.42;;;0.084;;48.0;;3.21;;10.0;5.0
723;;;0.3;2.2;0.053;36.0;;0.9965;;1.62;9.5;5.0
724;7.5;;0.1;;0.086;5.0;;;3.54;;;
725;;0.66;0.17;3.0;0.077;;13.0;;3.29;0.55;10.4;
726;8.1;0.72;0.09;2.8;0.084;18.0;49.0;0.9994;3.43;;;
727;;;;;0.067;;;;;;;
728;6.4;;0.02;;;4.0;;;;;;5.0
729;6.4;0.865;;;;;;;;0.49;;6.0
730;;0.55;;;0.387;12.0;;;;;;
731;;0.875;;;0.088;;14.0;;3.44;0.52;11.5;5.0
732;;0.835;0.03;2.1;0.092;;19.0;;3.39;;9.6;5.0
733;;0.45;0.34;2.7;;;72.0;;3.55;;;5.0
734;;0.56;;;0.075;9.0;39.0;0.9987;3.48;;9.3;
735;7.7;0.965;0.1;2.1;;11.0;22.0;;3.26;0.5;9.5;5.0
736;;;0.1;;0.112;;;0.9963;3.26;;;
737;;0.59;0.0;;;;58.0;1.0002;3.5;0.65;9.3;
738;;0.46;0.23;2.8;0.092;28.0;;;3.1;0.56;;
739;9.0;;0.0;;;19.0;38.0;;;;;
740;8.3;;;4.2;0.075;;16.0;;;0.68;;
741;9.2;0.53;0.24;2.6;;;;0.99788;;0.57;9.5;5.0
742;;0.615;;;;;18.0;0.9972;;;9.2;5.0
743;11.6;0.41;0.58;2.8;;;;;;0.53;;
744;;;0.54;2.7;0.095;;;;;0.51;9.5;
745;7.3;0.51;;2.1;;;28.0;0.99768;;;;6.0
746;8.2;0.34;0.38;2.5;0.08;;;0.9978;;;;
747;8.6;;;;;16.0;68.0;;;;;5.0
748;7.2;0.5;0.18;;0.071;12.0;;0.99761;;0.72;9.6;
749;;;;2.1;;;;;;0.73;;
750;;0.65;0.1;2.9;0.089;17.0;;;3.29;;9.5;5.0
751;;0.65;;;0.089;17.0;40.0;;3.29;;;5.0
752;;;;2.5;;;;;3.39;0.61;9.4;
753;8.3;;0.1;2.9;;;;0.99803;3.29;;;
754;7.8;0.48;0.68;1.7;0.415;14.0;;0.99656;;1.06;9.1;6.0
755;7.8;0.91;;1.9;0.058;;;0.99525;;0.43;;6.0
756;6.3;;0.01;;;15.0;;0.99488;;;;6.0
757;8.1;0.87;0.0;2.2;0.084;;;0.99656;;0.5;9.8;5.0
758;8.1;;0.0;2.2;0.084;10.0;31.0;0.99656;;0.5;;5.0
759;8.8;0.42;0.21;;;;;;;0.52;;
760;9.0;;;2.8;;;104.0;;3.23;;9.7;
761;;0.655;;;;5.0;35.0;0.99738;;;;5.0
762;8.8;;0.0;;0.069;8.0;19.0;0.99701;3.31;;;
763;;0.655;0.26;2.0;;5.0;35.0;0.99738;3.25;0.42;;5.0
764;;0.68;;;0.093;;44.0;0.99888;3.31;;;
765;9.2;;;;0.091;;48.0;0.99888;;;;
766;8.8;;0.18;2.9;;12.0;74.0;;3.14;0.54;;
767;;;0.32;;;13.0;;;3.45;;;5.0
768;7.1;0.59;0.02;;0.082;24.0;;;3.55;0.53;;
769;;;0.01;1.9;;;32.0;0.99668;;0.54;9.6;
770;;0.59;0.02;;;;94.0;;;;9.7;6.0
771;9.4;;0.26;;;;;;3.28;0.55;;
772;9.5;;0.27;2.3;;23.0;144.0;;3.27;;9.4;5.0
773;;;0.29;;0.157;;;;3.3;;;6.0
774;7.9;;0.3;;0.157;;45.0;;;;;6.0
775;;;;3.0;;;16.0;0.99586;3.43;0.46;;
776;;;0.18;;0.243;5.5;48.0;;3.4;0.6;;
777;6.9;0.635;0.17;;;6.0;18.0;0.9961;3.4;;10.3;
778;8.3;0.43;0.3;3.4;;7.0;34.0;0.99788;3.36;;;
779;7.1;;;2.6;;;92.0;0.99745;3.5;0.6;9.8;
780;;;0.0;;0.19;;45.0;;3.31;0.6;9.4;6.0
781;6.5;0.46;;;0.114;;;0.99732;;;9.8;5.0
782;9.0;;;;0.081;;;0.99814;;;;5.0
783;6.5;0.46;;;;;;;;;9.8;
784;;0.59;;2.5;;;;;;;9.8;5.0
785;9.9;;0.41;;;11.0;61.0;;3.21;0.5;;
786;;0.35;;;;11.0;;;;;;5.0
787;;;0.24;;0.079;19.0;58.0;;3.18;0.56;;6.0
788;;0.56;;2.2;0.079;;58.0;0.9991;3.18;0.56;;
789;8.6;0.63;0.17;2.9;0.099;;;;;;;5.0
790;7.4;0.37;;;;;82.0;;;0.68;9.7;
791;;0.64;;2.9;0.084;25.0;130.0;0.99818;3.23;;9.6;5.0
792;7.1;;;2.5;;;87.0;;;;;6.0
793;;;0.0;;;7.0;13.0;;;;;
794;10.1;0.27;0.54;;0.065;7.0;26.0;0.99531;;0.53;;
795;10.8;;;2.6;0.132;;60.0;;2.99;;;5.0
796;;;0.31;;0.126;;64.0;0.99746;;0.74;9.6;
797;9.3;;;;;21.0;42.0;;;;;
798;;;;;0.082;5.0;14.0;;3.29;0.52;10.7;
799;;;0.34;;;;;0.9987;;;10.7;
800;;;;;0.082;26.0;108.0;;3.25;;9.4;
801;8.6;0.55;0.09;;;;17.0;;3.23;;;
802;5.1;;;1.7;;14.0;;0.99264;;;12.9;
803;7.7;0.56;0.08;;;;46.0;;;0.66;;6.0
804;;0.52;;2.7;0.084;;18.0;0.99682;;;9.9;6.0
805;8.2;;;;;;10.0;;;;;
806;8.4;;;;;4.0;10.0;0.99386;3.27;;12.5;
807;8.2;0.28;;2.4;;;10.0;0.99356;;;;7.0
808;7.4;0.53;0.12;;;4.0;12.0;;;0.86;9.2;5.0
809;;;;;;;;0.99693;;0.55;;6.0
810;7.3;0.49;;;;;;;;;;5.0
811;12.9;0.5;;2.8;;;24.0;;;0.68;10.9;6.0
812;;0.45;;;0.099;20.0;38.0;0.99818;;;;
813;;;;2.1;0.102;4.0;;;3.44;0.58;11.4;4.0
814;12.6;0.41;0.54;2.8;0.103;;41.0;;;;;
815;10.8;;;;0.099;;38.0;0.99818;;;;5.0
816;9.8;0.51;0.19;;0.081;8.0;;0.9984;;0.58;;6.0
817;;0.29;0.42;;0.084;19.0;27.0;0.99545;3.28;;;6.0
818;;0.715;;;;21.0;;0.99632;3.29;0.45;9.4;5.0
819;9.1;0.66;;;0.097;9.0;59.0;0.99976;3.28;0.54;9.6;
820;7.0;;;1.9;0.099;;22.0;;3.34;0.6;9.7;5.0
821;4.9;0.42;;2.1;;;;0.99154;;0.74;14.0;
822;;;;2.0;0.076;;;0.9973;3.61;;9.8;5.0
823;;;0.13;2.0;;15.0;;0.9973;;;9.8;5.0
824;;;;2.8;;6.0;;;3.24;;;5.0
825;;0.46;0.14;;0.076;;;0.99624;;0.49;;
826;;;0.34;2.3;0.05;4.0;8.0;;3.4;;11.0;7.0
827;;0.46;;2.8;;;;0.99624;;0.49;10.7;
828;7.8;;0.09;2.3;0.065;;45.0;;3.46;;;8.0
829;5.9;;;;;;;0.99376;;;11.1;
830;;;0.07;;0.058;5.0;;;;;;
831;;0.61;;2.1;0.071;16.0;24.0;;;0.77;11.1;6.0
832;10.4;;;1.5;0.145;;48.0;;;0.86;9.9;
833;;;0.44;;0.147;;;0.99836;;0.86;;4.0
834;;;0.26;1.6;0.088;16.0;23.0;0.99694;3.32;;9.4;
835;7.6;;0.1;;0.066;;55.0;0.99655;;0.51;9.3;5.0
836;6.7;;;;;36.0;;0.99064;3.26;;11.7;
837;6.7;;0.28;;;36.0;100.0;;3.26;;11.7;7.0
838;10.1;0.31;0.35;1.6;;;;0.99672;;0.83;11.2;
839;6.0;;0.04;;;;26.0;;;0.47;;5.0
840;11.1;;0.47;2.65;0.085;;34.0;0.99736;;0.77;12.1;
841;6.6;;0.0;3.0;;;31.0;;3.45;;10.3;5.0
842;;;0.45;;0.119;34.0;68.0;;;;10.9;6.0
843;7.1;0.685;0.35;2.0;0.088;9.0;92.0;;3.28;;;
844;9.9;0.25;;;;;42.0;;;;;
845;6.4;0.64;0.21;;0.081;;31.0;0.99689;3.59;;;5.0
846;;0.64;;;0.081;;31.0;0.99689;;0.66;9.8;
847;7.4;0.68;0.16;1.8;0.078;;;0.9977;3.5;;9.9;6.0
848;;;;;0.081;14.0;;0.99689;;0.66;9.8;5.0
849;6.4;;;1.6;0.08;12.0;;0.99689;;;;
850;9.3;0.43;;;0.085;;;0.99708;3.28;0.55;9.5;5.0
851;;0.43;;;;;22.0;0.99708;3.28;;;
852;8.0;;;2.5;;;;0.99801;;1.07;9.7;
853;;0.36;;1.5;;41.0;;;3.47;0.73;;
854;9.3;;0.39;;0.08;41.0;55.0;0.99652;;;10.9;6.0
855;7.6;;0.02;;0.071;10.0;;;3.51;;;
856;;;0.39;1.5;0.08;;;;3.47;0.73;10.9;
857;;;0.34;2.5;;16.0;;;;0.78;;
858;11.7;0.28;;1.7;;17.0;32.0;0.99686;;0.67;;7.0
859;;0.56;0.22;;;;24.0;0.99438;3.4;0.82;;6.0
860;7.2;0.62;0.06;2.7;;15.0;;0.99746;3.51;0.54;;
861;5.8;;0.66;2.0;;15.0;88.0;0.99357;;;;6.0
862;7.5;;0.32;2.7;;7.0;;;;0.44;;
863;7.2;0.62;0.06;;;;;;3.51;0.53;;5.0
864;;;0.06;2.7;0.077;;85.0;;3.51;;9.5;5.0
865;;;0.07;;;16.0;86.0;;3.51;;;5.0
866;6.8;;0.22;2.3;0.071;;24.0;0.99438;;;11.3;6.0
867;;0.51;0.23;2.0;;;22.0;;;;11.2;
868;;;0.22;;0.074;;24.0;;;;;
869;;;;;0.08;;43.0;0.99578;;;;
870;7.7;;0.01;;0.064;31.0;43.0;0.99371;;;11.8;
871;6.9;;0.03;1.5;0.086;;46.0;;;0.57;;5.0
872;;;;;;28.0;;0.99576;;;10.0;
873;;0.21;;1.6;0.067;6.0;;;;;11.1;
874;;0.38;0.46;;;6.0;10.0;0.99664;;;;7.0
875;8.8;;0.4;;;;;;;0.79;;7.0
876;7.1;0.47;;2.2;0.067;;14.0;0.99517;;0.58;;4.0
877;;;0.01;;;31.0;;;3.41;;;
878;;;0.19;;;30.0;;0.99787;3.22;0.5;;6.0
879;;;0.04;2.5;0.076;;;;3.53;;9.5;5.0
880;9.2;0.56;;;0.078;;21.0;;3.15;0.49;9.9;5.0
881;;;0.0;;0.068;;;;;0.65;11.4;
882;8.4;0.31;0.29;;;14.0;26.0;0.99536;3.22;0.78;;6.0
883;7.2;;;;;;;;3.53;;9.5;
884;;;0.19;;0.094;;69.0;;3.22;0.5;10.0;6.0
885;;;0.14;;;;;0.99824;3.34;;10.5;5.0
886;;;;2.4;0.083;;28.0;;3.33;0.65;10.4;
887;;;;;0.066;;56.0;;3.15;0.79;;7.0
888;;0.57;0.0;;0.072;32.0;;;3.43;0.56;11.2;6.0
889;10.7;;0.34;;0.112;;99.0;;;0.68;;
890;;;;2.0;;;;0.99576;;;;
891;;;;2.3;0.078;16.0;86.0;0.99743;;0.57;9.7;
892;10.1;;0.23;1.9;0.082;10.0;18.0;0.99774;;0.65;9.3;
893;7.2;;0.03;2.3;0.078;;86.0;0.99743;;;;5.0
894;7.2;;;2.2;0.08;17.0;;;3.53;0.58;;
895;7.1;0.59;0.01;;;27.0;;0.9955;3.42;;10.7;
896;;;;;;;43.0;0.99444;3.31;0.77;12.5;7.0
897;7.1;;0.01;;0.08;;43.0;;3.42;0.58;10.7;
898;8.3;0.31;;2.4;0.078;17.0;43.0;;3.31;0.77;12.5;
899;8.3;;0.02;3.4;0.084;;11.0;;3.48;;;
900;8.9;0.31;0.36;;0.056;;;;;;;5.0
901;7.4;0.635;;;0.08;;;0.99736;;;10.8;7.0
902;7.4;;;2.4;0.08;16.0;;;3.58;0.69;;
903;;0.59;0.06;;;;18.0;;;0.59;;7.0
904;6.8;;0.06;;;;18.0;;3.41;;;7.0
905;;0.58;;3.0;;15.0;;0.998;;0.59;;
906;;;;;0.084;12.0;78.0;0.9964;;;;
907;6.1;;0.0;2.2;0.079;6.0;;0.9948;;;11.5;6.0
908;;;;2.4;0.078;;61.0;;3.43;;10.8;6.0
909;7.3;0.305;;1.2;;;11.0;0.99331;3.29;;;
910;9.3;0.38;0.48;3.8;0.132;;;;3.23;0.57;13.2;
911;;;0.46;;0.114;3.0;;;;0.6;10.9;6.0
912;10.0;;0.44;2.9;;4.0;8.0;0.99674;3.33;0.62;;
913;;0.395;;;;;;0.99639;3.27;0.64;12.2;7.0
914;;;;;0.059;;;0.99331;;0.52;;6.0
915;8.6;;0.4;2.2;;3.0;;;3.27;;11.9;6.0
916;5.3;0.715;;1.5;0.161;7.0;;0.99395;3.62;;;5.0
917;;0.41;;8.8;;26.0;;0.99824;;;10.1;
918;8.4;;0.32;;;32.0;79.0;0.9964;3.3;0.72;11.0;6.0
919;8.4;;;1.8;0.072;38.0;;0.99504;;;;6.0
920;9.6;;;;;10.0;23.0;0.99786;3.24;0.56;10.5;
921;8.4;;;2.2;0.081;32.0;;;;0.72;11.0;6.0
922;8.4;0.62;0.12;1.8;;38.0;46.0;0.99504;3.38;;;
923;6.8;0.41;0.31;8.8;;;;0.99824;3.38;;10.1;
924;;0.47;;;;;28.0;0.99516;3.18;;;
925;;;;;;;77.0;;;;11.0;7.0
926;9.4;0.24;;;;;73.0;;;0.9;;
927;8.4;0.67;0.19;2.2;;;;;3.2;;;
928;8.6;0.47;0.27;;0.055;14.0;28.0;;;;11.2;
929;;;;3.3;0.063;10.0;;0.99468;3.3;;;7.0
930;;;;1.9;;8.0;;0.99746;;;;
931;;0.61;0.01;2.0;0.074;13.0;;0.99748;;;9.8;5.0
932;;;0.29;1.9;;;66.0;0.9971;;;9.5;
933;;0.61;0.01;;0.074;13.0;;0.99748;;0.65;;5.0
934;;0.61;0.01;1.9;0.08;;25.0;;;;;5.0
935;8.8;;0.38;;;19.0;;0.99543;;;11.8;6.0
936;;;0.38;;;19.0;;0.99543;3.39;0.72;;
937;;;;1.4;0.071;;;;;;10.4;4.0
938;7.2;;;2.8;;23.0;;0.99356;;0.72;12.9;7.0
939;;0.46;;;;7.0;;0.99425;;;11.4;5.0
940;;;0.52;2.2;;;25.0;;;0.76;12.4;7.0
941;;;;;0.082;9.0;;0.99484;3.19;0.52;12.5;7.0
942;10.1;0.43;;;0.092;13.0;;;3.22;0.64;;
943;9.8;0.5;;;;10.0;45.0;0.99864;;;;
944;;;0.49;;;;24.0;0.99498;3.27;;12.1;7.0
945;;;;2.0;0.071;7.0;20.0;0.99566;3.14;0.79;11.1;
946;;;0.58;;0.092;;24.0;0.99745;3.29;;12.0;7.0
947;8.3;0.28;;2.1;0.093;;;;;;;
948;;;0.45;1.8;;10.0;;;3.41;;;7.0
949;;0.12;0.45;1.8;;10.0;;;3.41;0.76;11.9;
950;8.9;0.12;;;;10.0;21.0;;;0.76;;
951;8.3;0.28;0.48;2.1;;6.0;;0.99408;3.26;0.62;12.4;7.0
952;;0.31;0.4;2.2;0.058;6.0;;;;;;
953;;;0.48;2.1;;5.0;;;3.2;;12.1;7.0
954;;0.43;0.4;;0.082;6.0;;0.99538;3.44;;;
955;;;0.52;1.9;0.09;9.0;23.0;0.99648;;;10.4;
956;;;0.52;;0.111;5.0;;;;;11.3;
957;9.5;0.37;0.52;;0.088;12.0;;;3.29;;;
958;6.4;;0.12;2.3;0.12;25.0;36.0;0.99519;3.47;;;7.0
959;;0.59;;2.0;;12.0;;0.99735;;;;
960;;0.47;;;;;38.0;;;;;
961;7.1;0.56;;1.6;;;;;3.27;0.62;9.3;
962;;0.57;0.02;;;6.0;16.0;0.99654;3.38;;9.5;
963;8.8;0.27;;;;;27.0;;;0.69;11.2;6.0
964;8.5;;;;;18.0;38.0;;3.16;0.85;;6.0
965;;;0.4;2.4;;24.0;;0.99554;3.34;;;
966;;0.38;0.41;;;;;0.99604;;;;
967;;;0.2;2.1;;;113.0;;3.13;0.48;9.2;
968;;;0.43;;;;;;;0.6;;
969;6.7;0.56;;;0.079;;22.0;;;0.61;10.2;
970;;0.26;;1.9;0.066;;10.0;0.99724;;0.87;;6.0
971;10.4;;0.48;1.9;0.066;6.0;10.0;0.99724;3.33;;;
972;10.1;0.38;;2.4;0.104;;;;;0.65;11.6;
973;;0.34;;1.7;0.079;6.0;;;;0.63;;
974;8.8;0.33;0.41;;;;;;;0.62;;
975;7.2;0.41;;2.1;0.083;;;0.997;;;9.4;
976;7.2;0.41;0.3;2.1;;;;;3.44;;;
977;8.4;0.59;;2.6;;31.0;119.0;;3.15;;;5.0
978;7.0;;;3.6;;9.0;29.0;0.99416;;;11.3;7.0
979;12.2;0.45;0.49;;;3.0;;;3.13;;10.4;5.0
980;;;0.3;;0.065;8.0;17.0;0.99774;3.32;0.71;10.5;6.0
981;;;0.26;1.9;0.079;;;0.99712;;0.62;10.0;
982;7.3;0.52;0.32;2.1;;51.0;70.0;;3.34;0.82;12.9;
983;;0.5;;1.9;;8.0;17.0;0.99774;;0.71;;
984;12.2;;0.49;;;3.0;6.0;0.9969;;0.63;10.4;5.0
985;;0.58;;;0.064;7.0;11.0;0.99562;3.45;0.58;11.3;6.0
986;;0.34;;1.4;0.066;;7.0;;3.19;;;7.0
987;;0.36;;1.6;;35.0;70.0;0.99693;;0.5;9.4;5.0
988;;;0.12;1.7;;;27.0;;;0.49;9.4;5.0
989;9.7;0.295;;;;;21.0;0.99556;3.14;0.51;;
990;7.7;0.39;0.12;;0.097;;27.0;0.99596;3.16;;9.4;5.0
991;;;;2.0;0.082;;;;;0.48;;5.0
992;;0.4;;;;30.0;;;;0.48;9.4;
993;7.1;0.34;0.28;2.0;0.082;31.0;;0.99694;3.45;;9.4;
994;10.0;0.35;;2.5;0.092;20.0;;0.99918;3.15;0.43;9.4;5.0
995;;0.6;;;0.079;;;0.99697;3.39;0.62;10.1;
996;5.6;0.66;0.0;;;3.0;11.0;;;0.63;12.8;
997;5.6;;;;;3.0;11.0;;3.71;0.63;;7.0
998;;;;1.4;0.05;4.0;10.0;;3.12;0.48;;6.0
999;;0.69;0.0;;;7.0;;;;0.53;;
1000;;;;2.2;0.062;;;0.99495;3.44;0.72;11.5;7.0
1001;;;;;0.058;31.0;47.0;0.99676;;;;
1002;;;0.33;;;13.0;27.0;0.99516;3.26;;;
1003;;0.36;;;0.067;4.0;;;;0.55;12.8;7.0
1004;8.2;0.43;;1.6;0.081;;;0.99603;;;10.3;5.0
1005;;;0.32;1.8;;;;0.9928;3.36;;;7.0
1006;9.1;;;;0.063;13.0;27.0;0.99516;3.26;0.84;;7.0
1007;9.1;0.3;;;;12.0;25.0;0.99516;;;11.7;
1008;8.9;;0.4;;0.11;;;;;;12.0;7.0
1009;;0.5;;2.8;0.116;26.0;;0.99722;3.18;;10.9;
1010;8.9;;;1.7;0.067;;12.0;0.99354;3.25;;;7.0
1011;8.9;0.32;0.31;;;12.0;;0.9957;3.17;;10.4;6.0
1012;;;0.15;2.1;;11.0;;;;0.48;10.0;5.0
1013;7.5;0.71;;1.6;0.092;22.0;;0.99635;;0.58;10.0;6.0
1014;8.0;0.58;0.16;;;;;;3.22;;;6.0
1015;;;;;;;;0.99598;;;;6.0
1016;8.9;;;;0.068;12.0;;0.99486;3.27;0.75;12.6;
1017;8.0;;0.37;;0.049;36.0;;;2.89;0.44;;6.0
1018;8.0;0.18;0.37;0.9;0.049;36.0;109.0;;;;12.7;6.0
1019;7.0;0.5;0.14;;0.078;10.0;;;;;;
1020;11.3;0.36;;2.4;;;;;;;;
1021;11.3;0.36;;;0.123;3.0;;0.99642;;;11.9;
1022;;0.51;;2.1;;;;;3.35;0.54;10.5;
1023;8.2;;0.42;2.3;;;9.0;0.99506;3.27;0.55;;
1024;7.7;;0.01;1.8;0.088;12.0;18.0;0.99568;;0.56;10.5;7.0
1025;;;0.0;2.8;;;43.0;;;0.6;10.4;6.0
1026;;0.31;;1.9;;14.0;;0.99364;;0.56;;
1027;6.4;0.795;0.0;2.2;;28.0;52.0;0.99378;;;;
1028;;0.34;;;0.075;;68.0;0.99586;;;;
1029;7.7;;;1.8;;12.0;;;;0.56;10.5;
1030;7.1;0.59;;;;;;;3.42;;;
1031;7.3;0.55;;;;;;0.99514;3.35;;11.0;
1032;;;0.0;4.1;0.095;5.0;;0.99854;3.36;0.53;;5.0
1033;;0.57;;;;;;;;0.59;;
1034;8.9;;;2.5;0.077;;48.0;0.99739;;0.47;9.7;6.0
1035;;0.37;;2.4;0.085;5.0;;0.99683;;;10.6;
1036;7.6;;;2.5;0.082;26.0;;0.99356;3.22;0.59;12.5;
1037;;0.91;;;;20.0;56.0;;3.35;;;5.0
1038;8.7;;0.41;6.2;0.078;;42.0;;3.24;;12.6;
1039;8.9;0.5;;2.2;;;;;;;;6.0
1040;7.4;0.965;0.0;;0.088;;;0.99756;3.58;0.67;;5.0
1041;6.9;0.49;0.19;1.7;0.079;;;;;;9.8;6.0
1042;;0.5;;;0.088;21.0;39.0;0.99692;3.33;0.83;11.1;6.0
1043;9.5;0.39;;8.9;0.069;;;;;;;7.0
1044;6.4;0.39;;;0.046;;;;;;;6.0
1045;;;0.0;1.4;;;;0.99438;3.32;0.58;11.4;
1046;;;0.0;;0.076;;;0.99612;;;;6.0
1047;7.1;;0.17;;;;51.0;;3.49;;;
1048;;0.49;;1.7;;3.0;14.0;0.99702;;0.78;10.9;
1049;9.3;;;;;;;0.99704;3.27;;10.8;6.0
1050;7.1;0.43;;;0.082;;51.0;0.99634;;;10.4;
1051;8.5;0.46;0.59;;;16.0;45.0;0.99702;;;;5.0
1052;;;;;;;25.0;0.99258;;0.55;12.9;5.0
1053;8.3;0.33;;;;9.0;;0.99426;;;;
1054;;0.64;0.27;2.0;0.095;;77.0;;;;9.1;
1055;;;0.27;;;5.0;77.0;0.99747;;;;
1056;;;;;;;;0.99586;;;;7.0
1057;7.6;0.42;;3.9;0.104;;;;3.15;0.57;;
1058;;0.53;;2.4;;30.0;52.0;0.9971;3.19;0.76;;7.0
1059;8.9;;;;;3.0;10.0;;3.21;0.59;;
1060;11.6;;;1.8;;;8.0;;;0.7;9.9;6.0
1061;;0.4;;1.8;0.071;7.0;;;3.21;;;
1062;8.0;0.38;0.44;;0.098;;15.0;0.9956;3.3;0.64;;6.0
1063;10.2;0.29;;;0.075;;;;;;;6.0
1064;;0.74;0.09;2.0;0.067;;;0.99418;;;11.8;6.0
1065;7.7;0.61;0.18;;;;20.0;0.9963;;0.6;;6.0
1066;6.6;;;;;13.0;26.0;0.99358;;;12.5;7.0
1067;11.1;0.31;;;;;;;3.02;;10.9;
1068;11.1;0.31;0.53;;;;10.0;;;0.83;;7.0
1069;8.0;;0.35;;;;52.0;0.997;;;10.8;
1070;;;;1.5;0.057;;37.0;;3.18;0.89;;
1071;7.5;0.77;0.2;;0.098;;92.0;;;;;5.0
1072;;0.35;;;0.083;33.0;75.0;;3.4;0.58;9.5;6.0
1073;;0.62;0.33;2.7;0.088;;;;3.31;;10.7;
1074;;;;;;30.0;92.0;0.99892;3.2;;9.2;5.0
1075;;;;2.0;;;;;;;10.2;
1076;9.9;0.32;0.56;;0.073;;8.0;0.99534;3.15;;11.4;6.0
1077;;;;;0.08;3.0;;0.99817;;0.58;11.0;5.0
1078;8.6;0.37;0.65;;0.08;;8.0;;3.27;;;
1079;7.9;;;;;;;;;;12.3;7.0
1080;10.3;;0.56;;0.047;3.0;8.0;0.99471;;0.51;11.8;6.0
1081;7.9;;0.68;;;37.5;;0.99316;3.01;0.51;;7.0
1082;;0.38;;;;31.0;70.0;0.99685;3.42;0.59;;
1083;;0.42;;;;32.0;;;;;;
1084;;0.38;0.3;1.8;0.073;;70.0;;;;9.5;
1085;;0.48;;1.8;0.074;;;0.99529;;;9.6;
1086;;;0.4;;;;;;;;11.6;7.0
1087;;;0.42;;;18.0;;;3.29;0.69;11.2;6.0
1088;11.6;0.41;;1.5;;;;0.99735;3.02;;;7.0
1089;11.6;0.41;;;;;41.0;;3.02;0.76;9.9;
1090;;;0.54;;;;;;2.98;0.63;;8.0
1091;;;;2.0;0.086;;19.0;;3.35;;11.4;6.0
1092;;;0.09;;;10.0;;0.99479;3.43;;;
1093;;;;;0.079;;31.0;;3.33;0.86;12.0;
1094;6.6;;0.09;5.5;0.117;9.0;;0.99655;;;;6.0
1095;9.4;0.4;;;0.087;;20.0;0.99772;3.15;0.5;;5.0
1096;6.6;0.725;0.09;;0.117;;17.0;0.99655;;0.49;;6.0
1097;;;;1.5;0.096;5.0;;;;0.52;;
1098;8.0;;0.45;2.1;0.216;5.0;;0.99358;3.15;0.81;;
1099;8.6;0.52;;1.5;;;;0.99666;3.2;;;
1100;8.4;;;;0.072;23.0;;;3.11;;;
1101;;0.49;0.27;;0.071;;;;;;;6.0
1102;;0.48;;;0.078;18.0;30.0;0.99402;3.45;;;
1103;7.4;0.49;;2.1;0.071;14.0;;0.99388;3.35;;12.0;
1104;8.0;;;;0.073;16.0;25.0;;;;;6.0
1105;;0.57;0.28;2.1;;13.0;49.0;;;0.6;;
1106;8.2;;0.42;;0.069;;17.0;;3.21;0.54;;6.0
1107;;;0.41;2.0;0.068;;24.0;;3.27;;;
1108;;0.78;;3.3;0.09;;;;3.36;;9.5;5.0
1109;10.8;0.47;0.43;;0.171;27.0;;0.9982;;0.76;10.8;
1110;;;0.0;;0.07;6.0;14.0;;3.25;;10.0;6.0
1111;;0.42;;;0.092;23.0;55.0;0.99471;;0.64;;7.0
1112;;0.33;;;0.056;;35.0;0.99396;;0.71;;6.0
1113;8.9;0.24;;1.6;;;;0.99698;3.12;0.59;9.5;
1114;5.0;0.4;;4.3;;;;;;0.66;13.6;6.0
1115;7.0;;0.07;;0.091;15.0;;;;0.6;11.3;6.0
1116;7.0;0.69;0.07;;0.091;;21.0;;;0.6;11.3;6.0
1117;7.0;0.69;0.07;;0.091;;21.0;;;;11.3;
1118;7.1;0.39;0.12;2.1;0.065;14.0;24.0;0.99252;3.3;;13.3;
1119;;0.66;;2.5;0.066;7.0;15.0;;;0.58;;
1120;7.9;0.54;;;;;17.0;0.99235;3.2;;;8.0
1121;;;;;;21.0;28.0;;;0.55;12.3;6.0
1122;;0.47;;1.4;0.055;27.0;33.0;0.9922;3.45;;12.3;6.0
1123;10.7;;0.37;;0.081;17.0;;0.99674;;0.65;11.2;
1124;;;;2.2;0.096;3.0;13.0;;3.62;;11.5;
1125;8.8;0.24;;;0.055;;27.0;0.99394;;;;
1126;5.8;0.29;0.26;;;3.0;11.0;0.9915;;;13.5;
1127;6.3;0.76;0.0;;;26.0;;0.99379;;;11.5;
1128;10.0;;;2.7;0.095;28.0;89.0;;;0.68;;
1129;10.5;;;;0.092;;70.0;;;0.69;;
1130;9.1;0.6;;;;5.0;10.0;;3.18;;10.4;6.0
1131;5.9;0.19;;1.7;;;135.0;0.99341;;;;
1132;7.4;;0.34;;0.075;;38.0;0.9933;;;13.6;7.0
1133;;;0.07;;0.089;;;0.99684;;0.68;;7.0
1134;;0.28;;;0.061;;15.0;;;0.74;11.8;7.0
1135;8.0;0.25;0.43;;0.067;22.0;50.0;0.9946;;0.6;;6.0
1136;;;0.45;;0.08;6.0;13.0;0.99774;3.22;0.76;;
1137;10.4;0.52;0.45;;;6.0;;;3.22;0.76;;6.0
1138;7.5;;0.15;;0.104;;94.0;;;0.58;9.1;
1139;;;0.24;;;16.0;;;3.34;;;
1140;;0.4;;;;33.0;79.0;0.9969;;;;6.0
1141;;0.38;0.32;;0.08;;71.0;0.99624;;;11.0;6.0
1142;6.9;0.45;;;;6.0;12.0;;3.3;;;6.0
1143;7.0;;0.3;;0.065;;20.0;0.99672;3.61;0.82;;6.0
1144;7.3;0.32;;;0.066;;70.0;0.99588;3.43;0.62;10.1;
1145;8.2;;;;;31.0;;;;0.81;10.4;
1146;;;0.12;1.8;0.178;;21.0;0.996;3.28;0.87;9.8;6.0
1147;10.0;;0.45;;;6.0;;;3.21;;;
1148;;;;;0.086;;21.0;;;0.66;;
1149;10.0;0.35;0.47;2.0;0.061;;11.0;;3.23;0.52;;
1150;8.2;0.33;0.32;;;;;0.99473;;0.76;;7.0
1151;6.1;0.58;;2.5;;16.0;;0.99352;;;;
1152;8.3;;0.25;;0.118;9.0;;;3.15;0.53;;5.0
1153;9.6;0.42;;;;17.0;38.0;0.99622;3.23;;;6.0
1154;6.6;0.58;0.0;;0.1;50.0;63.0;;;0.68;11.4;6.0
1155;;0.6;;2.2;;9.0;38.0;;3.15;0.53;9.8;5.0
1156;;0.18;0.51;1.75;0.071;;;0.99524;3.33;0.76;11.8;7.0
1157;5.1;0.51;0.18;2.1;0.042;16.0;101.0;0.9924;3.46;;12.9;
1158;;;;;0.076;22.0;54.0;;3.42;1.16;;
1159;10.2;0.41;;;0.11;;37.0;0.99728;;0.67;;
1160;;;;;;;20.0;0.99676;3.14;0.72;11.1;
1161;8.8;;0.43;1.4;;12.0;;;;0.75;10.2;6.0
1162;;;0.42;;0.075;;;0.99434;;;11.8;7.0
1163;;0.785;;1.7;;10.0;;;;0.67;10.0;5.0
1164;;0.785;0.24;1.7;;;21.0;0.99692;;;10.0;5.0
1165;8.5;0.44;0.5;1.9;;;;;;;;
1166;9.9;;;2.0;0.111;7.0;60.0;0.99709;;;10.2;5.0
1167;;;;;;29.0;;0.99528;;0.88;;7.0
1168;6.5;;0.27;2.8;0.067;;;0.99384;;;;6.0
1169;;;;;;;14.0;0.99502;3.32;;;6.0
1170;9.2;;0.34;1.6;0.062;5.0;12.0;0.99667;;;;
1171;7.1;;0.0;;;26.0;;0.99522;;;;6.0
1172;;0.42;;2.1;0.074;5.0;16.0;0.99649;3.27;0.74;;
1173;7.6;0.36;;;;26.0;;;;0.62;;6.0
1174;7.6;0.36;0.31;;0.079;;;0.99716;3.46;0.62;9.5;6.0
1175;6.5;0.61;0.0;2.2;;48.0;59.0;;;0.7;;
1176;6.5;0.88;0.03;;0.079;23.0;47.0;0.99572;;;;
1177;;;0.0;2.4;0.052;;11.0;;;0.66;;7.0
1178;;;0.0;2.1;;;78.0;0.99346;;;;
1179;;;;2.4;0.076;11.0;47.0;;3.27;0.81;;
1180;;;;2.4;;11.0;;;;;11.0;6.0
1181;;;;;;5.0;;0.99478;;0.46;11.4;5.0
1182;;;0.4;;;;;0.99754;;;;6.0
1183;;;0.07;;;16.0;61.0;0.99572;3.29;0.6;9.3;5.0
1184;;;0.23;2.1;0.08;11.0;119.0;;3.36;;10.9;5.0
1185;;;0.3;;0.085;6.0;;;3.33;0.46;;6.0
1186;;0.8;;;0.079;;12.0;0.9963;;;12.2;
1187;;;0.3;;0.085;6.0;;0.99346;;;;
1188;6.7;;0.23;;0.08;;;;;0.7;;
1189;8.8;0.955;0.05;1.8;;;;;;0.44;;
1190;;0.4;;;0.08;6.0;;0.99652;;0.57;12.5;
1191;6.5;0.885;;;0.166;6.0;12.0;;3.56;0.51;10.8;5.0
1192;;0.25;0.37;;;11.0;41.0;0.99439;;0.8;12.4;7.0
1193;;0.885;;2.3;0.166;;;0.99551;3.56;;;5.0
1194;7.0;0.745;;1.8;0.114;;64.0;;;0.59;;
1195;6.2;;;1.8;0.078;;;0.99633;;;9.5;
1196;7.9;;0.23;2.3;0.076;;;0.99686;;0.58;9.5;6.0
1197;7.7;;;;0.069;;9.0;;3.16;;;6.0
1198;;0.26;;;;;77.0;0.9951;3.15;;10.9;
1199;;;0.23;;0.076;;;;3.21;0.58;;
1200;;0.57;0.21;;0.069;;;0.99458;;0.54;;
1201;7.9;0.34;0.36;1.9;0.065;;;0.99419;3.27;0.54;11.2;
1202;8.6;0.42;;1.8;0.068;;;;;0.69;;8.0
1203;9.9;;0.19;;0.111;33.0;76.0;0.99878;;;;5.0
1204;7.2;;;2.1;0.074;;44.0;0.99534;3.4;0.85;11.0;
1205;7.2;0.36;0.46;;;24.0;44.0;;;;;
1206;;;0.46;2.1;;;44.0;;;;;
1207;9.9;0.72;0.55;;;;;;3.35;0.94;10.0;5.0
1208;7.2;;;;0.074;;;;;;;
1209;;;;;0.071;14.0;24.0;0.99428;3.45;;11.2;
1210;;;0.02;2.1;;;;;;;;6.0
1211;6.6;;;;;22.0;53.0;0.9957;;0.62;;
1212;;0.65;0.02;;;;;0.99498;3.35;;10.4;6.0
1213;;;;1.9;0.071;5.0;13.0;0.99659;3.15;0.75;;6.0
1214;;0.33;0.46;;0.081;6.0;;;;;;6.0
1215;8.8;;;;;;;;;0.56;11.3;6.0
1216;;;;2.0;;10.0;79.0;0.99677;3.29;0.69;9.5;
1217;;0.34;0.37;1.9;0.057;43.0;;;3.23;;12.0;6.0
1218;;0.4;;;;;24.0;0.996;3.24;0.69;;6.0
1219;;;0.4;1.3;;;;0.99478;3.2;;10.9;6.0
1220;;;;1.8;0.132;;;;;0.77;;
1221;10.9;0.32;;1.8;;17.0;;0.99734;3.28;0.77;11.5;6.0
1222;8.1;;0.22;2.2;;;;0.99678;3.26;;;
1223;;0.36;;2.2;;9.0;;;;0.76;12.0;6.0
1224;12.6;0.39;;;;8.0;20.0;0.9992;3.07;0.82;10.3;6.0
1225;;0.46;;;0.091;18.0;77.0;0.99922;3.15;0.51;;5.0
1226;7.5;;;4.1;;27.0;46.0;;3.02;0.47;9.2;
1227;;0.58;;;;;;;3.27;0.72;;
1228;;;;1.8;0.044;18.0;;;;0.73;;
1229;7.6;;0.29;2.1;;19.0;66.0;0.99718;;;9.5;
1230;7.7;0.18;0.34;2.7;0.066;15.0;58.0;;3.37;;;
1231;7.8;0.815;;;;48.0;90.0;0.99621;3.38;;;5.0
1232;7.6;0.43;;;;19.0;66.0;;3.4;;9.5;5.0
1233;10.2;0.23;;2.2;0.057;14.0;36.0;;;;9.3;4.0
1234;;;0.01;2.2;0.059;;;0.99242;3.39;0.4;12.8;
1235;6.0;;0.32;12.9;;6.0;;0.99572;3.3;0.56;;4.0
1236;;0.55;;;0.07;7.0;17.0;0.99659;3.26;;9.4;
1237;7.1;0.75;;2.2;;11.0;;;3.39;0.4;;
1238;;;;2.5;;12.0;24.0;;;0.46;;4.0
1239;6.5;;0.0;4.3;;;20.0;;;0.56;;
1240;;0.61;;;;36.0;;;;0.4;9.3;
1241;;0.37;0.39;;0.079;;;0.99729;;0.59;;
1242;9.0;;0.41;2.0;;;40.0;0.99414;;;12.2;6.0
1243;;;0.22;2.4;;10.0;86.0;;3.37;0.62;;
1244;5.9;;;;;72.0;160.0;;;0.54;10.3;
1245;;0.55;0.19;;;;34.0;;3.49;;10.5;5.0
1246;7.4;0.74;0.07;;0.086;15.0;;;3.12;;10.0;5.0
1247;7.4;0.55;;1.8;;;34.0;;3.49;;;
1248;6.9;0.41;0.33;;0.081;;36.0;0.9949;3.41;0.75;;
1249;;;;2.3;;;37.0;0.99514;3.4;;;6.0
1250;7.1;0.6;0.01;2.3;0.079;24.0;;0.99514;;;;6.0
1251;7.5;0.58;;2.2;;;;;;0.59;9.8;5.0
1252;;;0.0;1.8;;;;0.99627;;;;5.0
1253;7.9;0.66;;1.4;0.096;;13.0;;3.43;0.58;9.5;
1254;7.8;0.7;;;;20.0;;0.99628;;0.69;;
1255;6.1;;;;;26.0;46.0;0.99358;;0.45;;
1256;;0.59;;1.8;0.082;43.0;60.0;0.99499;;0.42;;5.0
1257;;;0.28;4.8;0.085;12.0;69.0;;;0.7;;
1258;6.8;0.64;0.0;;;15.0;33.0;0.99538;3.44;;11.3;
1259;;;;;0.123;;;0.99538;3.44;;;6.0
1260;;0.635;0.68;1.8;0.403;;;0.99632;3.02;1.15;9.3;5.0
1261;;1.02;0.0;2.0;;17.0;;;3.59;;11.2;4.0
1262;9.8;0.45;0.38;;0.081;34.0;66.0;;;;;5.0
1263;8.2;0.78;;;0.089;13.0;26.0;;3.37;0.46;;4.0
1264;8.5;0.37;;;;26.0;51.0;;;0.72;;6.0
1265;;0.57;;2.3;;;;;;0.6;10.3;
1266;;;0.05;;0.081;;;;3.38;0.6;;
1267;;0.43;0.5;;0.068;13.0;;0.996;3.1;;11.4;
1268;6.9;;0.31;2.0;;21.0;51.0;0.99668;3.47;;9.5;6.0
1269;;0.49;0.03;1.8;;28.0;;;;0.82;;
1270;5.0;0.38;;;0.048;26.0;60.0;;3.7;0.75;;6.0
1271;7.3;0.44;0.2;1.6;;;;0.9935;3.38;;;6.0
1272;;0.46;;1.9;;;;;;;;5.0
1273;7.5;0.58;0.2;;0.073;34.0;;0.99494;;0.43;;
1274;;0.58;0.13;2.1;;;36.0;0.9944;3.24;;;6.0
1275;;0.715;;2.3;;;81.0;0.99688;;;;6.0
1276;;;0.4;6.3;0.05;3.0;;0.99566;3.28;;12.0;
1277;7.0;0.69;;1.9;0.114;;;0.99636;3.35;;;6.0
1278;8.0;0.715;0.22;2.3;0.075;;;0.99688;;0.54;;
1279;;0.3;;1.7;;;;0.9948;3.14;0.57;11.5;7.0
1280;7.1;;;1.9;;;54.0;;3.37;0.64;;6.0
1281;;0.46;;1.9;0.077;;54.0;;;0.64;10.4;6.0
1282;7.9;0.765;0.0;2.0;0.084;9.0;22.0;0.99619;3.33;;;6.0
1283;8.7;;;;;;69.0;0.99734;;;;6.0
1284;7.0;;;;0.071;;36.0;0.99476;3.39;;;
1285;;;;;;;47.0;0.99734;3.15;0.57;;5.0
1286;;0.16;0.44;;0.068;;31.0;0.99328;;0.54;;
1287;;;;;0.056;3.0;7.0;0.99286;;0.37;;5.0
1288;7.0;0.6;0.3;;0.068;;110.0;0.99914;;1.17;;
1289;;;0.3;4.5;;;;0.99914;3.3;;;
1290;;0.74;0.0;;0.1;;12.0;;;0.59;11.0;
1291;8.2;;0.1;;;25.0;60.0;0.99638;3.29;;;
1292;5.9;;0.13;;;14.0;;0.99362;;;;
1293;;;;1.9;;6.0;12.0;;3.34;;;4.0
1294;;;;2.1;0.073;;60.0;0.99638;;0.75;;6.0
1295;;0.63;;;0.093;;77.5;;;;9.5;
1296;;;;4.3;;51.0;;;3.2;;9.5;5.0
1297;;;;;;15.0;29.0;;;;;6.0
1298;;;;;;11.0;18.0;0.99191;3.45;0.56;;6.0
1299;7.6;;;;0.137;;9.0;0.99476;;0.4;;
1300;5.2;;0.0;2.15;0.08;15.0;28.0;;;;12.5;
1301;;;0.07;;;20.0;57.0;;;0.74;;6.0
1302;;0.37;0.32;2.1;0.064;4.0;;0.99576;;0.8;11.2;6.0
1303;;;0.44;;;28.0;;;;0.66;;
1304;7.6;;;2.3;0.087;21.0;68.0;0.9955;;0.44;9.2;
1305;7.5;;0.26;;0.073;24.0;;0.99612;;;;5.0
1306;;0.69;0.32;2.5;;22.0;91.0;0.9979;;0.62;;5.0
1307;6.8;;;;0.068;;29.0;0.99524;3.41;;;
1308;9.7;;0.32;;0.088;22.0;;;3.29;;10.1;5.0
1309;;0.62;;;0.071;27.0;63.0;;;0.61;9.2;
1310;;;;;;24.0;;;3.3;;;5.0
1311;6.5;0.51;;3.0;;12.0;27.0;;3.33;;;6.0
1312;;1.18;0.21;;;;;0.99532;;;10.5;5.0
1313;;0.36;;2.3;;20.0;65.0;;3.4;0.54;10.1;
1314;7.0;0.36;0.21;2.4;;;69.0;0.99556;;0.53;10.1;
1315;;;;2.0;;;91.0;0.99616;3.26;;9.8;
1316;5.4;0.74;;;0.041;;;0.99258;4.01;0.59;12.5;
1317;;;;;;10.0;;;3.18;0.69;;
1318;;;;2.0;;;;;;;;6.0
1319;;;0.68;1.7;0.414;;64.0;;;1.33;9.1;
1320;;0.66;0.34;2.6;;;;0.99796;;;10.1;5.0
1321;;0.74;0.0;;0.041;16.0;46.0;;4.01;0.59;;
1322;9.1;0.34;0.42;1.8;0.058;9.0;;0.99392;;;;
1323;9.1;0.36;0.39;1.8;;21.0;;;;0.82;11.0;
1324;6.7;0.46;;1.7;0.077;;34.0;;;;;
1325;;0.46;;1.7;0.077;;34.0;0.9948;3.39;;10.6;
1326;6.7;;0.24;;;18.0;34.0;0.9948;;0.6;10.6;6.0
1327;6.7;;0.24;;;;;0.9948;3.39;0.6;;6.0
1328;;;0.11;1.8;0.073;13.0;;0.9955;3.34;;9.3;
1329;7.4;0.6;;2.1;;;;;;;9.8;
1330;;;;;;17.0;;0.99616;3.29;;9.8;
1331;;;;;0.107;;67.0;;;;;
1332;;;;;0.075;6.0;25.0;;;;9.7;
1333;;;0.22;;0.079;;48.0;0.9976;3.18;;9.6;
1334;;;0.0;;;;;0.99608;;;10.0;
1335;6.6;0.58;;2.4;0.069;19.0;40.0;;3.38;0.66;12.6;
1336;6.0;;0.0;;0.057;;26.0;0.99448;3.36;;;5.0
1337;6.0;0.5;;;;;;;;;;
1338;6.0;;;1.4;0.057;;26.0;;;;;5.0
1339;;0.51;;;;13.0;;0.99538;3.36;;10.5;6.0
1340;7.5;0.51;0.02;;0.084;;31.0;0.99538;3.36;;10.5;
1341;;;;;;13.0;31.0;0.99538;3.36;0.54;;
1342;7.6;;0.02;1.7;;;;0.99589;3.37;0.51;10.4;
1343;7.5;;;;0.084;;;;;;;6.0
1344;;;0.48;2.6;0.077;8.0;20.0;0.99852;3.09;;11.0;
1345;;;0.24;;;;28.0;;3.25;;10.2;
1346;;;;2.1;0.056;;;;3.52;0.56;;5.0
1347;;;0.03;1.8;;;;;;0.39;9.5;5.0
1348;7.2;0.655;;;;7.0;12.0;0.99587;;0.39;9.5;5.0
1349;;;0.0;;;;;;;0.52;10.8;
1350;9.0;0.6;0.29;2.0;;;;0.99654;;;;5.0
1351;7.2;0.62;;;0.065;8.0;46.0;0.99332;;;;
1352;;0.645;;1.9;;;;0.9969;3.37;;10.3;
1353;;0.645;;;;;57.0;0.9969;;0.46;10.3;5.0
1354;;;0.03;;;;28.0;;;0.52;;
1355;6.1;;0.25;;0.086;;;0.99464;;0.44;10.1;
1356;6.1;0.34;0.25;;0.084;4.0;;0.99464;;;10.1;
1357;;;;2.5;0.078;;67.0;0.99648;;;;
1358;7.4;0.64;;;;;;;;;;5.0
1359;11.6;;0.4;1.4;;6.0;;;3.07;;10.0333333333;6.0
1360;9.2;0.54;0.31;2.3;;11.0;38.0;;;;;5.0
1361;8.3;0.85;;;;13.0;;;;0.54;;5.0
1362;11.6;0.475;0.4;1.4;;6.0;28.0;;;0.65;10.0333333333;
1363;;0.83;0.27;2.0;0.08;11.0;;0.99652;;;9.8;
1364;;0.605;0.02;1.9;;;31.0;0.995;;;;6.0
1365;;0.5;;;0.115;10.0;;0.9971;;0.62;9.5;
1366;;;;;0.094;;;0.99576;3.24;0.5;9.8;
1367;;0.54;0.3;;;;105.0;;;1.18;;
1368;8.0;;;;;16.0;74.0;0.99656;;;9.8;6.0
1369;6.6;0.61;;;0.069;;;0.99396;;;10.4;
1370;8.7;0.78;;;0.415;12.0;66.0;0.99623;;;;5.0
1371;;0.58;;;0.153;;14.0;;;;11.6;
1372;8.7;0.78;;;;;;;3.0;1.17;9.2;5.0
1373;7.7;0.75;;3.8;;34.0;89.0;0.99664;;0.45;;5.0
1374;;0.815;;;0.267;;29.0;0.99471;3.32;;;3.0
1375;;0.56;0.26;;0.083;;100.0;;;0.52;9.9;
1376;8.2;0.885;0.2;1.4;0.086;7.0;31.0;0.9946;3.11;;;5.0
1377;5.2;;;2.3;;23.0;;0.9953;;;12.2;6.0
1378;;;;;0.078;;;0.99609;3.29;;9.9;6.0
1379;;;;2.6;0.077;;35.0;0.99557;3.36;0.62;;
1380;7.5;0.57;0.02;;;11.0;;;;;;6.0
1381;;0.83;0.09;;0.074;;25.0;;;0.45;9.6;
1382;8.0;;;2.1;;;105.0;0.99613;3.3;;;5.0
1383;8.0;;;2.1;0.08;25.0;;;3.3;;9.9;
1384;7.1;;;1.8;;;84.0;;;;9.5;5.0
1385;;0.81;;;0.076;34.0;;0.99668;3.19;0.42;9.2;5.0
1386;;0.64;;;;;;0.9961;3.3;0.58;9.6;
1387;;;0.07;1.8;;8.0;;0.9961;;;;5.0
1388;6.6;;0.31;6.1;;;;;;;;
1389;;0.48;0.02;;0.08;;111.0;;;0.53;9.7;5.0
1390;;0.49;0.0;2.3;0.068;15.0;;0.99292;3.58;0.59;;6.0
1391;;;;;;;33.0;0.99612;;;;5.0
1392;7.1;;0.06;1.3;;;;;3.17;0.48;9.8;
1393;8.0;;;2.0;;19.0;59.0;;;;10.2;5.0
1394;;;;3.9;0.07;;;0.99669;;;9.2;5.0
1395;;0.685;;1.6;0.092;3.0;12.0;0.99745;;;;
1396;8.7;;;1.6;;4.0;;;;;;
1397;7.3;0.59;;2.0;0.08;17.0;;0.99584;3.28;0.52;;
1398;;0.6;;;0.083;;28.0;0.9966;3.52;0.62;;
1399;7.2;0.67;;;;;24.0;;3.42;0.72;;6.0
1400;;0.69;;;;33.0;141.0;;;;;
1401;;0.69;;;0.08;33.0;141.0;0.9962;3.25;;9.9;
1402;;0.3;;;;6.0;;0.9963;3.44;;;6.0
1403;7.2;0.33;;;0.061;3.0;;0.996;;1.1;10.0;
1404;;0.5;;;0.082;;46.0;;3.43;;;
1405;;;0.3;2.0;0.062;18.0;;;3.28;;;7.0
1406;8.2;;;;;8.0;22.0;;;0.94;;
1407;6.0;;;;;40.0;54.0;0.995;3.54;;10.7;
1408;8.1;0.29;;;0.048;35.0;;;3.27;;12.4;
1409;;;;;0.064;;54.0;0.995;;0.93;10.7;
1410;6.6;0.96;;1.8;0.082;;;;3.5;0.44;;
1411;6.4;0.47;;2.4;0.071;;;;;;10.6;
1412;8.2;0.24;;5.1;0.062;;;0.9974;3.22;;10.9;6.0
1413;9.9;0.57;;2.0;;12.0;;;3.04;0.9;;
1414;;;0.59;2.2;;;15.0;0.9994;3.2;0.78;9.6;
1415;6.2;0.58;0.0;1.6;0.065;8.0;;0.9966;;0.84;9.4;
1416;;;;2.2;;;15.0;;;0.78;9.6;5.0
1417;7.3;;;2.5;0.064;21.0;37.0;;;;12.1;7.0
1418;;0.53;0.01;;0.077;;;0.995;;0.46;9.8;5.0
1419;;;0.21;;;32.0;133.0;0.9956;;0.45;9.9;5.0
1420;7.8;;;1.6;;3.0;;;3.16;0.46;9.8;5.0
1421;;;;;;;58.0;0.9965;;;9.4;
1422;;;;2.1;0.079;;;0.9956;3.39;0.84;11.4;6.0
1423;6.4;;0.09;3.9;0.123;14.0;31.0;0.9968;;0.67;11.0;
1424;8.3;;0.37;1.4;;;;0.9974;3.26;0.7;9.6;6.0
1425;;0.26;0.37;;0.076;;23.0;0.9974;;0.7;9.6;
1426;;0.23;;1.8;0.046;23.0;;0.9971;3.41;;;6.0
1427;7.6;0.41;;2.5;0.078;6.0;23.0;0.9957;;0.58;;
1428;7.8;;0.0;;0.072;;55.0;0.9962;;;11.0;5.0
1429;;0.18;0.4;2.2;0.049;38.0;67.0;0.996;;;;
1430;7.4;0.41;;1.8;0.066;;47.0;;3.37;;;5.0
1431;7.6;;;;0.069;13.0;74.0;0.9958;3.26;;9.9;
1432;;0.44;0.0;1.6;0.042;;11.0;;;0.85;11.7;6.0
1433;;;0.16;;;;;0.9955;3.42;;10.1;
1434;10.2;;0.37;15.4;0.214;55.0;;;;;;
1435;;0.54;0.37;15.4;;;95.0;;;;9.0;6.0
1436;10.0;;;;0.169;27.0;;0.99914;;;8.5;5.0
1437;;;;4.8;0.07;15.0;;;;;11.1;5.0
1438;;0.59;0.0;1.7;0.052;;;;3.41;;;5.0
1439;;0.67;0.02;2.2;;;92.0;;3.32;;11.0666666667;6.0
1440;;;;;;15.0;;0.9947;;;;7.0
1441;7.4;0.785;;;0.094;19.0;98.0;0.99713;;;;6.0
1442;;;;1.9;0.078;;;0.99712;;0.75;;5.0
1443;;0.58;0.2;1.75;0.058;8.0;22.0;0.99322;3.38;;;5.0
1444;7.3;;0.02;;;;92.0;;;0.68;;
1445;;0.785;0.19;5.2;0.094;;;0.99713;;;9.6;
1446;6.9;;;;0.078;18.0;30.0;0.99712;3.4;;9.8;
1447;;0.67;0.0;1.9;;22.0;39.0;;;0.74;9.7;5.0
1448;6.9;0.58;0.01;;0.08;;54.0;;;0.73;9.7;
1449;;0.38;0.31;;0.056;;29.0;;;0.76;11.3;
1450;;0.37;0.32;;;;28.0;;;0.73;;
1451;7.8;0.32;;2.7;0.104;;17.0;;3.33;;11.0;
1452;;;0.02;;0.062;37.0;;0.99374;;;11.6;7.0
1453;;;0.33;;;27.0;85.0;;;0.58;;
1454;;0.45;;2.2;;7.0;;0.99974;3.21;0.69;10.9;
1455;6.5;0.9;;;0.052;9.0;17.0;;3.5;0.63;;
1456;;0.54;;;0.05;38.0;;0.99236;;0.5;10.55;6.0
1457;;;;;0.074;;;0.99706;;0.58;9.0;
1458;8.4;0.29;0.4;;;8.0;;;;0.6;10.5;
1459;;0.2;;1.7;0.054;7.0;15.0;0.99458;3.32;;;7.0
1460;6.4;0.42;0.09;;;;;;3.41;0.68;;
1461;;;0.0;2.1;;;;0.99664;3.59;;10.0;
1462;6.8;;0.03;2.3;;;31.0;;;0.58;10.4;6.0
1463;6.9;;0.01;;0.076;;;0.99522;;0.53;;
1464;6.8;;;;;;53.0;0.9958;;;9.7;5.0
1465;6.8;;0.1;;;;;;3.41;;9.7;
1466;7.3;0.48;0.32;2.1;0.062;31.0;;0.99728;;;10.0;7.0
1467;6.7;1.04;0.08;2.3;0.067;19.0;32.0;0.99648;3.52;;11.0;
1468;7.3;;;;0.062;31.0;54.0;;3.3;0.65;;7.0
1469;7.3;;0.05;;0.061;;;;;;9.7;
1470;;;;;;;24.0;0.99578;2.88;0.47;9.7;
1471;;;;3.75;0.067;8.0;;0.99334;;0.52;;
1472;7.6;0.35;0.6;2.6;0.073;;44.0;0.99656;;;;
1473;6.1;;0.08;1.8;0.071;;;;;0.54;11.0;5.0
1474;;0.5;0.5;13.8;0.205;48.0;;;;;8.8;
1475;5.3;0.47;0.11;2.2;;16.0;89.0;0.99182;3.54;;13.5666666667;7.0
1476;9.9;;0.5;13.8;;48.0;;1.00242;;0.75;8.8;
1477;;0.47;0.11;;;16.0;;;;0.88;13.6;7.0
1478;7.1;0.875;;;;3.0;14.0;0.99808;3.4;;10.2;3.0
1479;;0.28;;;0.104;;;0.99828;;0.68;;5.0
1480;;0.62;0.03;;;;;0.99498;;0.62;;4.0
1481;8.2;0.28;;3.0;0.104;10.0;;0.99828;3.39;0.68;;
1482;;;0.54;2.1;;3.0;;;;0.57;;
1483;;0.33;0.44;;;6.0;;0.99542;;;10.7;
1484;;;;2.0;;;11.0;;3.53;;;
1485;7.0;;0.16;;;;;0.99606;;;9.7;5.0
1486;6.8;;;2.1;;;;;;;10.3;5.0
1487;;0.64;;1.9;;;;0.99496;3.52;;10.6;5.0
1488;;;;;0.049;;13.0;;;;;5.0
1489;;;;;0.048;;11.0;0.99448;3.44;;;6.0
1490;7.1;;0.49;;;8.0;;;;;12.4;6.0
1491;5.6;;;;;;;;;0.58;11.4;
1492;;;;1.6;;6.0;18.0;0.99348;;0.54;;
1493;;;0.26;1.9;0.089;23.0;;;;0.59;9.7;5.0
1494;;0.31;;1.4;0.066;15.0;28.0;0.99459;;0.7;;7.0
1495;7.0;0.43;;;0.08;;;;3.35;0.81;;6.0
1496;7.7;0.54;0.26;;0.089;;147.0;0.99636;;0.59;;
1497;;;0.03;2.3;0.054;;;;3.45;0.63;;
1498;6.6;0.895;;2.3;0.068;7.0;13.0;0.99582;3.53;0.58;;6.0
1499;;0.74;;;0.054;;;0.99508;3.45;0.63;11.5;
1500;7.5;;0.04;;0.076;8.0;15.0;0.99508;3.26;0.53;9.6;
1501;7.8;0.82;0.29;4.3;;;;0.99642;3.16;0.53;;5.0
1502;;;0.18;;0.078;15.0;;;3.31;;9.8;
1503;6.2;0.44;0.39;2.5;;;;;3.51;0.69;11.0;
1504;;;;2.3;;;12.0;;3.36;;;6.0
1505;;;;;0.078;6.0;;;;0.63;;3.0
1506;;;;2.0;0.07;6.0;;0.99562;;0.66;10.8;
1507;7.5;;;2.3;;5.0;;;;0.55;11.4;6.0
1508;7.1;;;2.1;0.074;17.0;;0.99814;;0.72;10.6;
1509;;;0.4;1.8;0.062;7.0;20.0;0.9941;3.28;;11.1;5.0
1510;;0.36;0.21;2.2;0.047;26.0;48.0;0.99661;;0.77;;6.0
1511;;0.69;;;0.068;;;;;0.67;;5.0
1512;;;;2.2;;;17.0;0.99588;3.53;;10.4;6.0
1513;6.4;;0.15;;;;65.0;;3.33;;;
1514;6.9;0.84;;4.1;;16.0;65.0;0.99842;3.53;;9.23333333333;6.0
1515;;;0.21;;;16.0;65.0;0.99842;;0.72;9.25;6.0
1516;6.1;;0.25;;;23.0;58.0;;3.42;0.97;10.6;
1517;6.5;;0.06;;;;44.0;0.99489;3.38;;;6.0
1518;;;;;0.114;;;;3.32;0.63;;
1519;6.6;;0.08;;;;;;;0.58;10.2;
1520;;0.53;;;0.063;29.0;;;3.38;0.83;10.3;
1521;6.9;;;1.9;;9.0;;0.99585;3.39;0.43;;4.0
1522;;;;;;;58.0;0.99633;;;10.6;5.0
1523;;;0.25;;;29.0;61.0;;;;10.4;
1524;;0.42;0.19;2.0;0.075;22.0;47.0;0.99522;;0.78;10.0;6.0
1525;;;0.08;;0.064;18.0;34.0;;;0.64;;5.0
1526;6.8;;0.08;;;;;0.99553;;0.65;9.6;6.0
1527;;;;;0.071;15.0;24.0;0.9951;3.29;0.66;10.8;6.0
1528;;0.29;;2.2;0.096;;59.0;0.99714;3.31;0.67;;6.0
1529;;0.69;0.08;;0.063;42.0;52.0;0.99608;;0.6;10.2;
1530;;;;2.2;;9.0;;;3.42;;11.3;6.0
1531;;;;;0.081;13.0;;0.99631;3.6;;;5.0
1532;;;;;;;22.0;;;;;6.0
1533;;0.39;0.3;;0.074;;;0.99717;3.39;0.61;;
1534;6.6;0.56;;2.4;0.064;13.0;29.0;0.99397;;;11.7;7.0
1535;7.0;0.55;;2.2;;15.0;35.0;;;;9.7;6.0
1536;6.1;;;;0.077;;45.0;0.99528;;0.68;10.3;
1537;5.4;;0.08;;;;;0.99484;;0.64;10.2;6.0
1538;6.2;0.64;0.09;2.5;;15.0;26.0;0.99538;3.57;0.63;;5.0
1539;7.2;0.39;;1.8;0.065;;;;3.46;0.78;;
1540;6.2;;0.08;4.4;;;32.0;0.99646;;0.63;;
1541;;;;;;19.0;49.0;0.99666;3.4;;;
1542;;0.855;;1.9;;;38.0;;3.3;0.56;;
1543;11.1;;;2.2;;14.0;;0.99758;3.25;0.57;;
1544;;;0.43;;;;19.0;0.9955;;;11.2;
1545;;;;1.8;0.059;16.0;;;;0.64;;
1546;;;0.02;;;17.0;26.0;0.99575;3.36;0.61;;
1547;6.3;;0.1;;;;26.0;;;0.51;;5.0
1548;;0.4;0.5;2.0;;19.0;50.0;;;;10.4;
1549;;0.36;;1.8;;;;0.99419;3.24;;;
1550;;0.68;;2.3;0.087;17.0;;0.99783;3.45;0.53;9.5;
1551;;0.67;;2.3;;18.0;27.0;0.99768;;0.54;;
1552;;0.68;0.01;;;32.0;;0.99586;3.51;;11.3;
1553;7.3;0.735;;2.2;0.08;;;0.99765;;0.6;;
1554;6.6;0.855;;2.4;;;;;3.54;;;6.0
1555;;;0.17;1.7;0.065;15.0;;0.99514;;;10.55;7.0
1556;;0.88;;;;;20.0;;;;9.9;
1557;6.6;;;2.4;0.062;15.0;;0.99627;3.54;;11.0;6.0
1558;6.9;0.63;;6.7;;;;0.99787;;0.56;9.5;5.0
1559;;;;2.0;;31.0;;;3.21;0.52;9.9;
1560;;;;2.0;;;;;;0.52;9.9;
1561;;0.6;;;;;;;;0.52;9.9;5.0
1562;;;0.13;;0.076;12.0;20.0;0.99546;3.29;;;5.0
1563;;;0.13;;0.076;12.0;20.0;0.99546;;;10.1;
1564;;;0.13;;0.076;;;0.99546;;;10.1;5.0
1565;6.7;0.67;0.02;1.9;0.061;;;;;;;6.0
1566;;0.16;;;;;52.0;0.99494;3.34;0.71;;
1567;7.2;0.695;;2.0;0.076;;20.0;;;0.54;;5.0
1568;7.0;0.56;;;;;42.0;0.99629;3.34;0.59;9.2;
1569;6.2;0.51;0.14;;;;34.0;0.99396;;;;
1570;;;;2.2;0.23;;35.0;;3.37;0.93;;
1571;6.4;;;2.2;;;;0.99514;;;;
1572;7.3;;;;0.069;;;;;0.51;9.5;5.0
1573;6.0;;0.2;;;;50.0;;;0.67;12.5;
1574;5.6;;;;0.074;23.0;;;;;;
1575;7.5;0.52;;;;12.0;;;3.26;0.64;11.8;6.0
1576;8.0;0.3;;1.6;0.081;16.0;29.0;;;0.78;;6.0
1577;6.2;0.7;0.15;;;13.0;;;3.54;;11.9;6.0
1578;;;;1.8;0.118;;20.0;0.9954;3.42;0.67;;6.0
1579;;0.56;;;0.053;;;;3.54;0.6;;
1580;;;;;0.068;;;;;;;6.0
1581;6.2;;0.09;1.7;0.053;24.0;;;3.54;0.6;;
1582;;;;2.6;;;27.0;0.99362;3.57;0.5;11.9;5.0
1583;6.2;;0.29;;;;;0.99578;3.33;0.62;;5.0
1584;;;;;0.061;24.0;34.0;0.99484;3.29;;;7.0
1585;;0.39;;2.6;;;;;3.3;0.84;11.5;6.0
1586;;;0.41;;;;;;;0.85;11.4;
1587;5.8;0.61;;;;;;0.99483;;;10.9;
1588;;;;;0.068;34.0;102.0;0.99414;3.27;0.78;;6.0
1589;;0.725;0.2;;0.073;;79.0;;3.29;0.54;;
1590;6.3;;;1.8;;26.0;;0.99314;3.32;;11.6;6.0
1591;;0.74;0.09;1.7;;;26.0;0.99402;3.67;;11.6;
1592;6.3;0.51;0.13;2.3;;;40.0;;;;;
1593;6.8;;0.08;;;;;0.99651;3.42;0.82;9.5;6.0
1594;6.2;;0.08;;0.09;32.0;;;;;;
1595;5.9;0.55;;2.2;;39.0;51.0;;;0.76;;
1596;6.3;;0.13;2.3;;;40.0;;;0.75;11.0;6.0
1597;;;;;;;44.0;0.99547;;0.71;10.2;5.0
1598;;;;;0.067;;42.0;;;0.66;11.0;
